1	3
1	5
1	7
1	9
1	11
1	13
1	15
2	5
2	14
2	17
2	19
2	21
2	23
2	25
2	27
3	28
3	30
3	32
3	34
3	36
3	26
3	39
3	41
3	43
4	6
4	8
4	12
4	14
4	16
4	45
4	47
4	49
4	18
4	51
4	53
4	55
4	57
4	59
4	61
4	62
4	64
4	66
4	68
4	70
4	72
4	74
4	76
4	78
4	80
4	32
4	22
4	83
4	85
4	87
4	89
4	91
4	24
4	94
4	96
4	98
4	100
4	102
4	104
4	106
4	108
5	4
5	9
5	14
5	17
5	18
5	109
5	58
5	62
5	69
5	112
5	113
5	114
5	115
5	117
6	28
6	21
6	119
6	120
6	26
6	38
6	124
6	126
7	13
7	46
7	67
7	129
7	130
8	6
8	9
8	12
8	15
8	17
8	131
8	18
8	52
8	58
8	128
8	133
8	63
8	72
8	74
8	77
8	135
8	96
8	137
8	138
8	105
8	141
8	143
9	5
9	14
9	127
9	58
9	145
9	62
9	67
9	28
9	30
9	76
9	149
11	13
11	16
11	51
11	111
11	150
11	139
11	152
11	154
12	5
12	9
12	14
12	16
12	49
12	50
12	51
12	109
12	57
12	59
12	133
12	65
12	150
12	71
12	73
12	80
12	156
12	135
12	96
12	138
12	151
12	141
12	143
13	14
13	77
13	156
13	158
14	4
14	7
14	9
14	12
14	15
14	45
14	17
14	47
14	49
14	50
14	19
14	52
14	160
14	54
14	56
14	58
14	161
14	20
14	63
14	65
14	150
14	68
14	69
14	71
14	73
14	75
14	77
14	78
14	81
14	22
14	23
14	85
14	88
14	166
14	167
14	24
14	169
14	170
14	100
14	101
14	138
14	104
14	25
14	106
15	8
15	12
15	14
15	45
15	127
15	47
15	18
15	52
15	55
15	59
15	176
15	20
15	111
15	65
15	67
15	74
15	164
15	156
15	166
15	96
15	138
15	103
15	105
15	107
15	144
16	13
16	127
16	64
16	29
16	113
16	178
16	180
181	4
181	9
181	13
181	15
181	44
181	182
181	159
181	17
181	47
181	49
181	132
181	50
181	19
181	51
181	175
181	160
181	186
181	54
181	56
181	57
181	59
44	4
44	12
44	14
44	182
44	183
44	18
44	161
44	61
44	73
44	189
44	190
44	191
44	87
44	192
44	194
44	196
44	100
44	198
44	199
44	200
45	111
182	12
182	94
174	182
159	5
159	12
159	14
159	16
159	47
159	18
159	54
159	58
159	201
159	67
159	77
159	202
159	88
159	204
159	166
127	9
127	13
127	16
127	50
127	52
127	53
127	56
127	59
127	61
127	205
127	111
127	28
127	71
127	73
127	78
127	81
127	83
127	95
17	5
17	9
17	14
17	49
17	109
17	58
17	111
17	33
17	94
17	114
17	115
46	4
46	9
46	13
46	15
46	18
46	52
46	57
46	207
46	201
46	205
46	66
46	75
46	209
46	79
46	81
46	166
46	92
46	95
46	172
46	36
46	105
46	213
46	215
47	4
47	8
47	12
47	14
47	16
47	182
47	46
47	50
47	19
47	52
47	160
47	53
47	56
47	58
47	128
47	201
47	20
47	205
47	63
47	162
47	155
47	150
47	67
47	163
47	70
47	72
47	74
47	77
47	78
47	80
47	190
47	202
47	87
47	89
47	91
47	136
47	24
47	95
47	100
47	171
47	216
47	172
47	105
47	151
47	173
47	218
47	177
47	221
48	4
48	7
48	11
48	14
48	16
48	174
48	17
48	47
48	183
48	18
48	52
48	53
48	55
48	187
48	58
48	161
48	60
48	20
48	205
48	111
48	64
48	66
48	67
48	70
48	74
48	76
48	78
48	80
48	33
48	156
48	222
48	223
48	85
48	87
48	90
48	224
48	167
48	24
48	170
48	99
48	197
48	101
48	225
48	103
48	105
48	25
48	218
48	227
48	229
48	231
48	233
48	235
48	237
131	14
132	8
132	11
132	14
132	46
132	128
132	111
132	67
132	73
132	21
132	135
132	96
132	238
132	240
132	242
50	49
50	59
50	67
50	156
50	165
18	4
18	7
18	9
18	14
18	16
18	46
18	49
18	52
18	53
18	55
18	57
18	59
18	176
18	20
18	205
18	64
18	66
18	67
18	163
18	70
18	71
18	73
18	75
18	77
18	78
18	80
18	33
18	22
18	83
18	85
18	89
18	170
18	101
18	103
18	243
18	122
19	4
19	12
19	15
19	159
19	48
19	52
19	54
19	57
19	64
19	69
19	77
19	85
19	87
19	166
19	168
19	117
19	151
184	12
184	16
184	52
184	65
184	164
184	245
184	241
184	248
184	250
184	39
184	253
51	4
51	9
51	13
51	16
51	47
51	52
51	128
51	111
51	64
51	150
51	67
51	72
51	75
51	80
51	156
51	99
51	138
51	103
52	4
52	7
52	9
52	13
52	15
52	182
52	159
52	46
52	48
52	131
52	50
52	19
52	175
52	160
52	55
52	57
52	59
52	206
52	61
52	133
52	63
52	65
52	66
52	134
52	68
52	69
52	72
52	74
52	76
52	164
52	79
52	81
52	22
52	190
52	223
52	84
52	87
52	89
52	113
52	96
52	115
52	99
52	198
52	172
52	138
52	103
52	105
52	255
52	141
52	256
52	257
52	107
52	259
52	230
52	235
52	262
52	264
52	266
175	8
175	13
175	15
175	127
175	46
175	49
175	52
175	55
175	267
175	64
175	150
175	72
175	81
175	87
175	91
175	96
175	101
175	139
175	105
175	106
109	13
109	16
109	112
160	14
160	111
160	67
160	73
160	113
160	172
160	107
185	7
185	9
185	13
185	15
185	181
185	127
185	47
185	50
185	175
185	187
185	58
185	128
185	161
185	60
185	20
185	205
185	111
185	65
185	129
185	77
185	22
185	96
185	241
185	269
185	271
186	6
186	12
186	14
186	174
186	160
186	62
186	111
186	66
186	67
186	71
186	73
186	148
186	79
186	274
186	33
186	276
186	87
186	113
186	24
186	278
186	149
186	281
186	120
186	284
186	250
186	286
186	288
186	290
53	6
53	9
53	13
53	16
53	48
53	50
53	19
53	186
53	128
53	273
53	66
53	67
53	72
53	164
53	79
53	81
53	21
53	23
53	86
53	166
53	35
53	172
53	36
53	250
54	4
54	6
54	12
54	14
54	45
54	127
54	48
54	18
54	52
54	55
54	145
54	62
54	64
54	155
54	67
54	73
54	81
54	88
54	170
54	102
54	294
54	296
55	12
55	14
55	53
55	32
55	92
55	297
56	7
56	9
56	12
56	14
56	16
56	48
56	50
56	51
56	160
56	55
56	58
56	20
56	64
56	65
56	66
56	134
56	70
56	72
56	76
56	78
56	80
56	22
56	24
56	103
56	298
187	159
187	103
57	5
57	8
57	12
57	16
57	46
57	48
57	18
57	52
57	56
57	299
57	176
57	61
57	111
57	64
57	67
57	69
57	71
57	73
57	75
57	148
57	78
57	81
57	22
57	190
57	82
57	85
57	88
57	204
57	91
57	95
57	170
57	198
57	140
57	25
58	4
58	13
58	16
58	48
58	62
58	65
58	101
59	14
301	302
301	145
145	6
145	28
145	29
145	118
145	21
145	304
145	26
145	213
145	124
110	7
110	14
110	52
110	59
110	201
110	73
110	31
110	22
110	307
110	88
110	117
110	308
110	225
110	310
110	312
299	14
299	18
299	57
299	206
299	315
299	208
299	60
299	201
299	267
299	317
161	5
161	8
161	12
161	16
161	159
161	47
161	50
161	51
161	175
161	186
161	54
161	187
161	58
161	128
161	299
161	208
161	60
161	201
161	20
161	111
161	162
161	134
161	68
161	69
161	28
161	72
161	75
161	77
161	80
161	33
161	156
161	135
161	318
161	83
161	84
161	87
161	89
161	90
161	300
161	113
161	136
161	93
161	94
161	96
161	178
161	100
161	198
161	216
161	319
161	139
161	105
161	151
161	142
161	321
161	177
161	228
161	280
161	324
161	325
161	327
161	329
161	331
161	333
161	285
161	40
206	4
206	8
206	11
206	14
206	16
206	47
206	183
206	18
206	51
206	175
206	56
206	57
206	59
206	145
206	161
206	208
206	61
206	133
206	64
206	155
206	67
206	69
206	74
206	77
206	79
206	22
206	85
206	89
206	91
206	168
206	93
206	96
206	238
206	101
206	217
206	211
206	226
206	139
206	104
206	140
206	255
206	25
206	141
206	339
314	2
314	12
314	16
314	175
314	57
314	206
314	208
314	64
314	73
314	80
314	276
314	166
314	168
314	211
314	105
314	141
314	142
314	177
314	343
314	345
314	347
315	7
315	11
315	13
315	15
315	127
315	49
315	183
315	19
315	52
315	187
315	299
315	133
315	67
315	77
315	33
315	22
315	113
315	97
315	348
315	246
315	324
315	305
315	351
207	187
207	145
207	206
207	208
207	276
207	93
207	139
207	151
207	341
207	152
207	352
208	6
208	13
208	46
208	175
208	57
208	145
208	299
208	206
208	201
208	244
208	32
208	35
208	115
208	198
208	36
208	139
208	151
208	141
208	142
208	177
208	354
208	343
208	355
208	158
208	356
316	7
316	13
316	17
316	128
316	133
316	155
316	33
316	300
316	358
316	329
60	4
60	7
60	10
60	13
60	16
60	45
60	46
60	48
60	131
60	18
60	160
60	53
60	55
60	58
60	299
60	206
60	61
60	133
60	64
60	65
60	67
60	72
60	77
60	78
60	81
60	112
60	22
60	84
60	88
60	90
60	24
60	96
60	101
60	211
60	173
60	218
60	342
60	329
60	264
60	332
176	7
176	9
176	12
176	14
176	16
176	17
176	47
176	49
176	183
176	18
176	51
176	109
176	53
176	55
176	57
176	59
176	110
176	161
176	315
176	60
176	61
176	133
176	62
176	111
176	64
176	65
176	66
176	134
176	68
176	69
176	71
176	73
176	75
176	77
176	78
176	80
176	274
176	156
176	165
176	23
176	84
176	87
176	89
176	92
176	168
176	93
176	96
176	98
176	193
176	196
176	100
176	171
176	200
176	138
176	104
176	25
176	362
176	106
176	348
176	349
176	365
176	366
176	368
176	369
176	298
201	4
201	182
201	159
201	47
201	19
201	175
201	186
201	57
201	110
201	161
201	208
201	20
201	70
201	32
201	85
201	87
201	166
201	167
201	24
201	96
201	216
201	372
201	373
201	211
201	320
201	25
201	228
201	375
201	158
201	377
201	379
61	9
61	13
61	46
61	66
61	139
267	5
267	14
267	174
267	46
267	18
267	160
267	187
267	299
267	65
267	73
267	156
267	166
267	92
267	381
20	9
20	14
20	49
20	62
20	83
20	105
317	7
317	382
383	14
383	160
383	205
383	361
133	12
133	14
133	16
133	160
133	176
133	67
133	113
133	178
133	172
133	141
133	143
133	107
133	179
62	14
62	127
62	55
62	111
62	28
62	32
62	92
62	94
272	2
272	12
272	16
272	186
272	111
272	273
272	162
111	9
111	12
111	14
111	47
111	18
111	59
111	133
111	65
111	134
111	28
111	73
111	78
111	80
111	113
111	149
111	107
63	4
63	12
63	14
63	127
63	47
63	52
63	53
63	59
63	111
63	66
63	28
63	76
63	93
63	101
63	149
63	106
273	7
273	53
273	66
273	67
273	386
273	129
273	147
273	148
273	274
273	33
273	34
273	278
273	246
273	280
273	281
273	120
273	242
273	38
273	298
273	390
64	4
64	7
64	9
64	13
64	15
64	45
64	174
64	46
64	49
64	19
64	160
64	56
64	58
64	60
64	133
64	111
64	66
64	67
64	71
64	73
64	76
64	164
64	81
64	86
64	88
64	91
64	136
64	24
64	100
64	172
64	104
64	157
64	173
64	392
64	348
64	393
64	227
162	12
162	16
162	55
162	155
162	67
162	78
162	80
162	85
162	149
162	37
65	18
394	244
244	145
244	129
244	148
244	274
244	32
244	149
244	246
244	376
244	121
244	122
244	38
244	123
244	126
244	398
399	174
155	9
155	13
155	16
155	48
155	56
155	401
155	150
155	67
401	14
401	300
66	6
66	13
66	16
66	160
66	53
66	201
66	273
66	150
66	69
66	72
66	387
66	164
66	79
66	156
66	203
66	113
66	24
66	277
66	149
66	107
66	241
66	403
66	405
66	407
150	16
150	64
150	67
150	107
134	9
134	16
134	128
134	133
134	66
134	163
134	135
134	93
134	139
134	157
134	179
134	408
67	7
67	12
67	14
67	46
67	50
67	51
67	186
67	56
67	205
67	63
67	64
67	150
67	68
67	70
67	29
67	73
67	78
67	80
67	32
67	85
67	34
67	95
67	119
67	149
67	173
67	280
67	298
68	4
68	8
68	12
68	14
68	46
68	48
68	50
68	19
68	53
68	59
68	161
68	20
68	64
68	66
68	134
68	163
68	146
68	386
68	129
68	71
68	73
68	30
68	75
68	76
68	209
68	77
68	78
68	80
68	118
68	31
68	21
163	4
163	8
163	12
163	15
163	44
163	182
163	49
163	50
163	19
163	160
163	55
163	57
163	59
163	161
163	314
163	207
163	61
163	205
163	64
163	65
163	155
163	150
163	67
163	69
163	129
163	71
163	75
163	303
163	78
163	81
163	165
163	222
163	318
163	84
163	87
163	89
163	410
163	92
163	411
163	170
163	196
163	100
163	198
163	211
163	255
163	25
163	412
163	173
163	414
163	257
163	392
163	227
163	415
163	355
163	364
163	284
163	326
163	418
163	327
163	328
163	420
163	421
163	423
163	425
163	287
163	428
163	430
163	432
163	434
163	436
69	4
69	11
69	16
69	47
69	49
69	19
69	55
69	59
69	176
69	20
69	65
69	150
69	70
69	75
69	77
69	81
69	33
69	87
69	89
69	92
69	170
69	171
69	172
69	104
69	259
69	144
146	6
146	8
146	12
146	15
146	273
146	386
146	129
146	73
146	387
146	209
146	79
146	21
146	203
146	278
146	36
146	246
146	388
146	120
146	242
146	38
146	298
146	285
146	440
146	390
146	442
146	444
70	4
70	9
70	13
70	15
70	45
70	159
70	46
70	48
70	18
70	52
70	53
70	55
70	57
70	161
70	20
70	62
70	64
70	65
70	66
70	67
70	163
70	71
70	73
70	75
70	77
70	78
70	80
70	189
70	202
70	86
70	88
70	166
70	95
70	99
70	101
70	103
70	140
70	219
70	293
70	291
386	28
386	376
28	6
28	9
28	49
28	57
28	145
28	111
28	244
28	150
28	68
28	386
28	29
28	147
28	303
28	148
28	79
28	274
28	21
28	275
28	446
28	95
28	278
28	149
28	447
28	354
28	448
28	376
28	388
28	282
28	405
28	349
28	212
28	213
28	395
28	250
28	285
28	451
28	290
28	292
28	455
28	396
28	390
28	391
28	398
129	7
129	12
129	16
129	51
129	59
129	361
129	68
129	28
129	387
129	209
129	274
129	21
129	34
129	149
129	246
129	241
129	280
129	281
129	37
71	8
71	12
71	14
71	174
71	17
71	47
71	50
71	52
71	55
71	57
71	111
71	150
71	67
71	70
71	73
71	76
71	79
71	33
71	95
71	101
71	140
72	13
72	46
72	163
72	172
73	7
73	12
73	16
73	47
73	18
73	160
73	55
73	128
73	62
73	111
73	66
73	134
73	69
73	72
73	76
73	80
73	156
73	86
73	89
73	93
73	96
73	99
73	107
73	233
74	7
74	9
74	12
74	14
74	16
74	174
74	46
74	48
74	132
74	50
74	51
74	175
74	56
74	58
74	61
74	205
74	111
74	155
74	150
74	67
74	163
74	70
74	72
74	75
74	79
74	81
74	135
74	202
74	87
74	93
74	96
74	238
74	216
74	210
74	139
74	105
74	173
74	243
74	177
74	380
74	457
30	9
30	28
30	31
30	36
30	454
30	126
147	148
147	130
147	459
75	50
75	51
75	57
75	165
387	6
387	16
387	145
387	66
387	146
387	28
387	147
387	148
387	274
387	32
387	203
387	279
387	36
387	354
387	37
387	122
387	38
387	389
387	250
387	455
387	390
387	391
387	456
76	7
76	9
76	13
76	46
76	50
76	52
76	53
76	56
76	59
76	161
76	111
76	64
76	155
76	150
76	67
76	163
76	146
76	28
76	71
76	75
76	77
76	81
76	33
76	87
76	94
76	101
76	278
76	104
76	37
76	38
76	440
303	376
209	7
209	160
209	53
209	67
209	28
209	29
209	148
209	274
209	33
209	85
209	149
209	246
209	449
209	388
209	405
209	212
209	298
209	292
209	391
148	7
148	16
148	57
148	145
148	273
148	67
148	146
148	28
148	29
148	387
148	209
148	274
148	33
148	34
148	94
148	279
148	36
148	241
148	376
148	388
148	37
148	247
148	158
148	122
148	38
148	130
148	450
148	250
148	123
148	290
148	397
148	444
148	456
77	5
77	12
77	14
77	174
77	48
77	52
77	56
77	59
77	61
77	64
77	150
77	67
77	69
77	71
77	73
77	75
77	78
77	80
77	85
77	89
77	103
164	12
164	14
164	45
164	49
164	160
164	64
164	150
164	70
164	73
164	79
164	166
164	24
164	278
164	107
164	291
78	4
78	7
78	12
78	14
78	16
78	46
78	48
78	50
78	51
78	160
78	55
78	57
78	59
78	60
78	20
78	111
78	64
78	65
78	66
78	67
78	69
78	72
78	74
78	77
78	79
78	81
78	87
78	113
78	95
78	178
78	139
78	384
78	106
79	4
79	12
79	16
79	47
79	160
79	53
79	62
79	64
79	66
79	67
79	146
79	28
79	164
79	80
79	89
79	94
79	172
79	139
79	104
79	37
80	9
80	13
80	16
80	160
80	61
80	150
80	85
80	105
81	4
81	9
81	13
81	15
81	46
81	48
81	50
81	19
81	52
81	53
81	55
81	59
81	205
81	64
81	66
81	134
81	69
81	72
81	74
81	77
81	79
81	156
81	23
81	85
81	35
81	96
81	98
81	172
81	103
81	392
81	466
118	6
118	244
118	28
118	303
118	148
118	32
118	33
118	94
118	149
118	241
118	405
118	122
118	38
118	39
118	290
118	462
118	391
274	145
274	155
274	28
274	33
274	149
274	246
274	464
274	120
274	122
274	468
274	451
274	214
274	469
274	470
31	6
31	67
31	28
31	30
31	148
31	203
31	34
31	279
31	36
31	348
31	471
31	376
31	388
31	403
31	26
31	122
31	38
31	130
31	460
31	357
31	450
31	39
31	123
31	475
31	440
31	455
31	458
31	461
31	441
31	478
31	480
31	482
31	444
31	485
31	486
31	488
31	490
31	492
31	494
31	467
32	111
32	33
32	149
32	463
21	16
21	28
21	29
21	118
21	31
21	33
21	35
21	98
21	278
21	36
21	241
21	280
21	281
21	120
21	26
21	242
21	213
21	395
21	285
21	452
21	409
21	27
21	499
21	501
21	461
21	502
21	503
21	504
21	506
21	508
21	510
21	512
21	514
21	470
189	11
189	13
189	15
189	44
189	174
189	49
189	50
189	175
189	54
189	58
189	128
189	314
189	133
189	155
189	67
189	74
189	81
189	156
189	165
189	135
189	222
189	318
189	337
189	23
189	245
189	275
189	202
112	13
112	16
112	49
112	57
112	31
112	170
165	5
165	12
165	49
165	59
165	62
165	22
165	92
190	9
190	14
190	47
190	52
190	74
190	81
190	135
190	516
190	300
135	1
135	11
135	14
135	51
135	128
135	134
135	32
135	94
135	138
135	152
135	143
135	243
135	375
135	449
135	179
307	33
222	4
222	7
222	12
222	14
222	47
222	183
222	18
222	109
222	59
222	110
222	61
222	111
222	155
222	134
222	71
222	73
222	80
222	189
222	135
222	195
222	141
222	321
222	364
222	326
222	519
82	7
82	14
82	174
82	57
82	77
82	25
318	7
318	12
318	14
318	44
318	49
318	18
318	59
318	73
318	189
318	82
318	192
223	2
223	7
223	12
223	16
223	18
223	53
223	81
223	22
223	139
337	13
337	15
337	44
337	46
337	175
337	201
337	62
337	67
337	73
337	81
337	168
337	362
337	327
191	5
191	9
191	13
191	16
191	174
191	47
191	49
191	52
191	54
191	57
191	59
191	61
191	133
191	64
191	66
191	163
191	71
191	74
191	80
191	189
191	22
191	337
191	86
191	96
191	170
191	193
191	101
191	172
191	104
191	25
191	257
23	2
23	12
23	14
23	45
23	174
23	18
23	150
23	164
23	165
23	98
23	105
83	112
516	12
516	127
516	51
516	111
516	150
516	72
516	113
516	172
516	139
516	324
275	182
275	244
275	397
276	8
276	14
276	48
276	19
276	186
276	57
276	299
276	314
276	208
276	205
276	111
276	67
276	81
276	156
276	96
276	211
276	151
276	341
276	152
276	342
276	343
202	7
202	9
202	13
202	16
202	47
202	18
202	175
202	59
202	176
202	67
202	74
202	156
202	87
202	107
84	6
84	18
84	53
84	56
84	62
84	64
84	67
84	70
84	73
84	85
84	87
84	89
85	9
85	47
85	55
85	111
85	162
85	150
85	71
85	73
85	77
85	79
85	81
85	87
85	113
85	216
85	525
85	172
85	278
85	149
86	3
86	6
86	8
86	12
86	14
86	16
86	47
86	18
86	160
86	54
86	58
86	201
86	20
86	111
86	64
86	155
86	150
86	67
86	70
86	72
86	30
86	164
86	135
86	84
86	88
86	91
86	167
86	24
86	95
86	196
86	101
86	217
86	278
86	105
86	376
87	4
87	7
87	13
87	15
87	44
87	174
87	47
87	183
87	18
87	52
87	109
87	186
87	55
87	187
87	58
87	299
87	206
87	60
87	201
87	20
87	64
87	155
87	67
87	69
87	71
87	73
87	75
87	77
87	79
87	156
87	165
87	191
87	85
87	89
87	166
87	92
87	168
87	96
87	170
87	197
87	216
87	105
87	25
87	218
87	179
87	235
88	4
88	159
88	19
88	55
88	65
88	69
88	73
88	86
88	92
88	101
89	14
89	55
89	201
89	73
89	106
523	160
523	111
523	28
523	21
523	84
523	34
523	98
523	100
523	149
523	304
523	37
523	247
523	39
523	124
523	527
523	440
523	529
523	531
523	533
523	535
203	186
203	401
203	67
203	148
203	34
203	304
203	471
203	280
203	405
203	242
203	537
203	497
203	251
203	286
203	289
203	538
203	539
203	27
203	541
203	461
203	479
203	483
203	543
203	545
203	487
203	546
203	459
203	549
203	551
203	495
204	5
204	8
204	12
204	15
204	44
204	46
204	48
204	18
204	52
204	186
204	55
204	57
204	59
204	110
204	161
204	208
204	60
204	61
204	111
204	162
204	134
204	68
204	69
204	70
204	72
204	76
204	78
204	32
204	22
204	222
204	223
204	86
204	88
204	90
204	91
204	92
204	24
204	95
204	115
204	196
204	197
204	171
204	172
204	319
204	139
204	105
204	25
204	321
204	177
204	228
204	325
204	329
204	332
204	285
90	4
90	7
90	11
90	13
90	15
90	45
90	127
90	48
90	52
90	160
90	54
90	201
90	111
90	67
90	77
90	204
90	24
90	170
90	380
166	9
166	14
166	46
166	49
166	160
166	53
166	111
166	162
166	155
166	150
166	73
166	33
166	91
166	24
166	149
166	107
166	445
224	410
410	183
554	13
554	15
554	174
554	18
554	91
554	92
91	4
91	15
91	57
113	5
113	16
92	4
92	6
92	46
92	53
92	314
92	64
92	70
92	73
92	32
92	86
92	89
92	35
92	106
34	6
34	160
34	273
34	67
34	28
34	30
34	209
34	79
34	274
34	21
34	523
34	35
34	279
34	246
34	449
34	280
34	281
34	120
34	26
34	242
34	130
34	450
34	254
34	40
34	289
34	440
34	458
34	461
34	462
34	444
167	6
167	9
167	13
167	16
167	48
167	201
167	111
167	150
167	69
167	129
167	164
167	32
167	86
167	166
167	35
167	168
167	556
167	93
167	446
35	12
35	67
35	30
35	118
35	32
35	97
35	26
35	130
35	290
35	469
35	558
35	397
35	487
35	560
136	133
136	178
168	4
168	7
168	9
168	12
168	14
168	174
168	47
168	51
168	55
168	57
168	59
168	145
168	314
168	208
168	201
168	150
168	74
168	79
168	81
168	86
168	88
168	91
168	24
168	238
168	197
168	211
168	103
168	228
168	374
168	349
168	295
168	305
168	526
24	2
24	7
24	12
24	14
24	16
24	46
24	48
24	131
24	18
24	52
24	186
24	55
24	57
24	59
24	201
24	20
24	205
24	111
24	162
24	66
24	67
24	69
24	73
24	75
24	77
24	79
24	21
24	202
24	85
24	88
24	91
24	167
24	100
24	172
24	105
24	219
24	284
93	5
93	9
93	12
93	16
93	48
93	183
93	18
93	51
93	160
93	55
93	59
93	145
93	133
93	62
93	63
93	155
93	150
93	67
93	72
93	74
93	80
93	156
93	83
93	94
93	101
93	149
93	157
93	425
557	7
557	174
557	20
557	81
557	167
557	293
446	145
446	386
446	72
446	147
446	303
446	79
446	275
446	279
446	246
446	388
446	120
446	122
446	563
446	38
446	450
446	250
446	252
446	336
446	475
446	566
446	292
446	500
446	477
446	462
446	391
446	544
446	488
446	570
446	572
446	573
446	456
169	8
169	13
169	160
169	161
169	150
169	77
169	33
169	94
169	576
94	65
94	33
94	158
575	16
575	67
575	28
575	209
575	274
575	94
575	130
575	451
95	4
95	9
95	14
95	45
95	46
95	48
95	19
95	52
95	57
95	161
95	201
95	20
95	62
95	64
95	150
95	70
95	28
95	72
95	74
95	75
95	77
95	79
95	165
95	86
95	89
95	94
95	196
95	172
95	104
95	142
95	375
95	108
95	144
95	439
95	578
95	580
96	12
96	277
97	12
97	16
97	83
115	7
115	9
115	12
115	16
115	52
115	128
115	63
115	74
115	96
115	354
115	345
115	583
116	6
116	8
116	13
116	15
116	127
116	18
116	65
116	28
116	33
116	94
116	106
116	124
170	2
170	5
170	9
170	14
170	48
170	131
170	50
170	51
170	109
170	55
170	59
170	315
170	62
170	64
170	155
170	150
170	69
170	79
170	81
170	156
170	87
170	24
170	98
170	99
170	25
170	384
170	321
170	230
170	144
170	586
358	12
358	133
358	136
358	137
358	119
178	16
178	67
178	156
178	119
137	8
137	128
137	96
308	8
308	14
119	6
119	21
119	447
192	12
192	14
192	16
192	174
192	20
192	189
192	222
192	318
192	198
192	221
192	520
192	587
193	174
194	12
194	16
194	17
194	58
194	133
194	22
194	97
195	7
195	11
195	53
195	170
196	8
196	14
196	174
196	48
196	52
196	187
196	59
196	244
196	77
196	86
196	168
196	197
196	218
196	235
99	14
99	229
100	9
100	13
100	16
100	49
100	160
100	55
100	161
100	62
100	65
100	163
100	72
100	80
100	190
100	523
100	98
100	99
100	101
100	139
100	588
100	284
100	346
197	163
197	103
198	12
198	14
198	46
198	165
198	119
171	14
171	47
171	55
171	161
171	69
171	135
171	85
171	237
101	6
101	15
101	160
101	136
200	174
524	304
524	487
216	176
216	372
217	14
217	47
217	187
217	110
217	206
217	208
217	201
217	74
217	307
217	85
217	87
217	96
217	196
217	216
217	591
217	320
217	348
217	236
217	592
217	365
217	368
217	420
217	595
525	597
372	201
172	14
172	49
172	67
277	111
277	73
278	16
278	62
278	66
278	67
278	129
278	148
278	118
278	32
278	33
278	35
278	149
278	388
278	26
279	62
279	31
279	376
279	450
279	461
149	160
149	273
149	28
149	164
149	32
149	523
149	447
149	280
149	37
149	405
149	497
149	512
353	12
353	174
353	36
36	6
36	145
36	147
36	275
36	94
36	119
36	241
36	282
36	212
36	598
36	469
36	126
36	599
591	601
601	304
319	602
602	6
602	32
602	524
602	376
602	349
602	537
602	288
602	604
603	183
603	392
605	12
605	16
605	150
605	81
373	225
225	12
225	16
225	182
225	46
225	19
225	187
225	59
225	201
225	28
225	30
225	75
225	82
225	23
225	85
225	216
225	373
225	255
225	348
225	232
225	298
225	606
211	11
211	14
211	46
211	19
211	109
211	57
211	299
211	314
211	208
211	201
211	20
211	66
211	69
211	77
211	80
211	135
211	88
211	93
211	101
211	103
211	105
211	157
211	341
211	152
211	352
211	344
211	403
211	537
102	2
102	5
102	12
102	14
102	45
102	18
102	53
102	128
102	20
102	64
102	66
102	67
102	31
102	86
102	93
102	100
102	172
102	298
226	14
226	81
226	607
138	8
138	12
138	15
138	47
138	18
138	58
138	128
138	63
138	67
138	73
138	80
138	115
138	211
138	103
138	157
138	142
138	107
139	4
139	9
139	12
139	15
139	46
139	131
139	18
139	52
139	55
139	59
139	145
139	314
139	20
139	205
139	63
139	162
139	66
139	134
139	71
139	73
139	76
139	79
139	81
139	135
139	89
139	168
139	96
139	170
139	100
139	171
139	172
139	103
139	157
139	106
139	228
139	588
139	521
103	4
103	14
103	16
103	46
103	48
103	183
103	52
103	109
103	55
103	187
103	59
103	61
103	205
103	63
103	66
103	67
103	70
103	75
103	135
103	84
103	168
103	101
103	104
103	157
104	4
104	7
104	11
104	13
104	15
104	45
104	46
104	131
104	19
104	52
104	53
104	58
104	61
104	133
104	63
104	65
104	150
104	71
104	73
104	79
104	81
104	156
104	92
104	178
104	210
104	139
104	143
104	291
105	4
105	12
105	14
105	46
105	48
105	55
105	61
105	111
105	65
105	150
105	72
105	23
140	13
140	96
320	2
320	12
320	17
320	18
320	58
320	161
320	208
320	65
320	70
320	74
320	112
320	86
320	204
320	300
320	168
320	196
320	198
320	25
320	228
255	2
255	5
255	8
255	12
255	14
255	16
255	47
255	49
255	18
255	51
255	160
255	55
255	161
255	208
255	201
255	62
255	162
255	66
255	134
255	163
255	73
255	80
255	156
255	165
255	83
255	87
255	96
255	101
255	277
255	226
255	104
255	25
255	384
255	229
255	261
255	611
25	5
25	16
25	47
25	50
25	19
25	145
25	176
25	163
25	80
25	165
25	86
25	204
25	97
25	197
25	225
25	151
25	355
25	423
157	471
157	612
141	7
141	12
141	54
141	613
338	14
338	16
338	19
338	53
338	64
338	73
338	337
338	93
338	105
338	218
338	293
338	323
338	345
338	614
339	615
412	53
412	176
412	413
413	412
341	12
341	14
341	52
341	64
341	118
616	145
616	617
142	9
142	12
142	14
142	16
142	47
142	131
142	19
142	52
142	55
142	128
142	62
142	63
142	66
142	134
142	69
142	72
142	74
142	274
142	166
142	115
142	178
142	278
142	138
142	103
142	152
142	143
152	4
152	9
152	14
152	127
152	50
152	52
152	128
152	205
152	63
152	66
152	134
152	69
152	75
152	80
152	156
152	101
152	139
152	613
384	12
384	14
384	16
384	160
384	176
384	111
384	156
384	136
384	119
384	157
384	143
384	107
256	67
362	45
173	13
173	15
173	45
173	18
173	56
173	133
173	65
173	67
173	77
173	118
173	32
173	113
173	278
106	5
106	8
106	12
106	14
106	45
106	48
106	183
106	52
106	160
106	54
106	57
106	59
106	61
106	111
106	65
106	67
106	72
106	77
106	81
106	88
106	91
106	35
106	98
106	101
106	103
106	173
106	304
620	5
620	8
620	11
620	13
620	15
620	45
620	17
620	47
620	49
620	50
620	19
620	52
620	160
620	54
620	56
620	58
620	161
620	20
620	63
620	65
620	150
620	68
620	69
620	71
620	73
620	75
620	77
620	78
620	81
620	22
620	23
620	85
620	88
620	166
620	167
620	24
620	169
620	170
620	100
620	101
620	138
620	104
620	25
620	106
621	195
621	622
321	132
321	163
321	222
321	300
321	97
321	519
622	3
622	145
622	273
622	28
622	30
622	209
622	118
622	31
622	34
622	446
622	525
622	36
622	304
622	241
622	448
622	376
622	388
622	37
622	283
622	26
622	242
622	38
622	473
622	357
622	298
622	39
622	331
622	285
622	451
622	498
622	578
622	454
622	469
622	623
622	624
622	441
622	626
622	628
622	630
622	465
622	487
622	490
622	634
363	62
363	97
636	414
637	1
637	13
637	16
637	49
637	51
637	150
637	28
637	135
637	88
637	98
637	257
637	392
257	52
243	12
243	14
243	46
243	50
243	52
243	55
243	128
243	20
243	163
243	74
243	97
243	638
392	13
392	15
392	47
392	52
392	61
392	63
392	150
392	71
392	73
392	77
392	81
392	86
392	89
392	99
392	25
392	243
639	16
640	8
640	12
640	46
640	59
640	62
640	238
640	138
640	103
640	152
239	8
239	11
239	14
239	46
239	132
239	52
239	61
239	64
239	129
239	73
239	135
239	91
239	238
239	139
239	152
239	582
239	241
239	466
239	643
107	12
107	160
107	66
107	67
107	172
348	5
348	7
348	14
348	110
348	67
348	337
348	472
348	593
348	130
348	460
219	4
219	12
219	16
219	127
219	47
219	49
219	19
219	58
219	20
219	64
219	66
219	67
219	70
219	73
219	156
219	86
219	166
219	92
219	96
219	588
393	8
393	17
393	183
393	19
393	160
393	145
393	60
393	267
393	133
393	400
393	33
393	523
393	92
393	139
393	348
393	333
177	7
177	12
177	14
177	18
177	156
177	139
227	9
227	14
227	45
227	47
227	61
227	273
227	66
227	72
227	81
227	115
227	349
619	9
619	182
619	62
619	67
619	172
619	322
322	5
322	9
322	12
322	14
322	49
322	57
322	161
322	66
322	134
322	72
322	77
322	136
322	149
322	107
322	220
322	385
220	7
220	9
220	13
220	16
220	47
220	49
220	19
220	57
220	20
220	150
220	69
220	77
220	81
220	101
220	173
220	322
228	11
228	13
228	45
228	46
228	50
228	59
228	61
228	73
228	33
228	86
228	93
228	96
228	138
228	103
228	346
229	12
229	16
229	18
229	160
229	61
229	65
229	72
229	77
229	79
229	113
229	93
229	99
229	139
229	177
588	50
588	219
293	2
293	7
293	12
293	14
293	17
293	18
293	51
293	160
293	65
293	69
293	72
293	77
293	22
293	83
293	24
293	97
293	101
293	139
293	106
521	12
521	16
521	62
521	238
521	139
521	152
609	14
609	62
609	67
645	12
352	187
352	206
352	60
352	211
342	12
342	57
342	208
342	168
646	9
646	34
646	304
304	361
304	147
304	523
304	300
304	119
304	622
304	449
304	472
304	283
304	26
304	473
304	460
304	357
304	249
304	39
304	334
304	286
304	452
304	288
304	648
304	649
304	650
304	214
304	604
304	578
304	581
304	651
304	499
304	500
304	654
304	555
304	657
304	658
304	458
304	623
304	390
304	503
304	626
304	659
304	661
304	663
304	478
304	479
304	529
304	668
304	670
304	481
304	672
304	674
304	629
304	677
304	678
304	680
304	682
304	684
304	686
304	443
304	689
304	542
304	691
304	693
304	695
304	697
304	699
304	701
304	703
304	485
304	543
304	506
304	508
304	531
304	708
304	710
304	712
304	713
304	510
304	488
304	559
304	717
304	719
304	721
304	569
304	512
304	560
304	725
304	727
304	728
304	547
304	730
304	632
304	733
304	735
304	459
304	738
304	513
304	740
304	742
304	744
304	746
304	748
304	749
304	751
304	753
304	755
304	757
304	758
304	760
304	762
304	764
304	765
304	767
304	768
304	769
304	771
304	773
304	775
304	777
304	779
304	781
304	783
304	515
304	786
304	788
304	790
304	792
304	794
304	597
304	797
246	244
246	304
246	123
246	799
800	9
800	274
354	128
240	233
241	6
241	16
241	273
241	67
241	29
241	274
241	34
241	119
241	149
241	37
466	5
466	12
466	15
466	18
466	52
466	53
466	61
466	150
466	129
466	73
466	79
466	135
466	168
466	169
466	137
466	104
466	219
466	801
643	803
804	16
804	111
804	24
343	12
343	206
343	207
343	135
343	211
343	141
805	145
806	128
806	73
259	57
259	156
259	99
807	67
807	178
359	4
359	9
359	13
359	16
359	127
359	48
359	18
359	57
359	60
359	133
359	155
359	150
359	72
359	74
359	81
359	166
359	99
359	278
359	322
359	158
385	12
385	128
385	28
385	33
385	278
385	452
230	4
230	9
230	13
230	15
230	174
230	48
230	50
230	51
230	175
230	160
230	57
230	128
230	62
230	64
230	66
230	67
230	70
230	28
230	78
230	80
230	22
230	83
230	90
230	96
230	170
230	101
230	103
230	106
230	293
230	231
230	464
231	4
231	12
231	14
231	46
231	50
231	19
231	175
231	57
231	59
231	64
231	70
231	80
231	92
231	101
231	230
471	34
809	74
809	239
809	354
553	7
553	14
553	73
553	158
380	12
380	174
380	74
380	90
810	374
374	8
374	12
374	14
374	109
374	54
374	59
374	201
374	155
374	150
374	31
374	203
374	168
374	96
374	291
374	811
415	12
415	14
415	127
415	18
415	59
415	361
415	67
415	32
415	97
375	7
375	9
375	13
375	16
375	47
375	49
375	18
375	160
375	59
375	201
375	63
375	66
375	134
375	163
375	73
375	81
375	135
375	300
375	172
375	149
375	221
375	517
375	253
375	527
448	6
448	62
448	134
448	146
448	29
448	209
448	118
448	31
448	21
448	135
448	34
448	119
448	149
448	246
448	464
448	376
448	388
448	405
448	122
448	242
448	130
448	439
448	298
448	285
448	124
448	396
448	43
449	3
449	9
449	14
449	160
449	62
449	64
449	67
449	386
449	129
449	209
449	118
449	21
449	34
449	446
449	36
449	348
449	246
449	376
449	281
449	120
449	305
449	38
449	130
449	382
449	298
449	123
449	451
449	578
449	653
449	812
449	458
449	623
449	390
449	661
449	479
449	681
449	690
449	398
449	815
449	817
449	510
449	748
819	183
820	12
820	14
820	127
820	132
820	53
820	133
820	273
820	33
820	22
820	97
820	617
820	821
638	6
638	9
638	14
638	132
638	128
638	150
638	28
638	33
638	96
638	241
638	26
638	285
638	409
638	498
638	453
638	539
260	67
445	12
445	16
445	49
445	55
445	59
445	61
445	64
445	150
445	163
445	70
445	72
445	81
445	33
445	101
445	447
445	388
445	120
445	253
280	273
280	150
280	28
280	148
280	31
280	21
280	203
280	525
280	279
280	388
280	406
280	439
280	27
280	125
388	3
388	13
388	160
388	273
388	67
388	386
388	129
388	147
388	209
388	274
388	21
388	34
388	94
388	278
388	36
388	241
388	37
388	405
388	26
388	38
388	439
388	450
388	123
388	409
388	42
388	126
388	398
281	28
281	94
281	119
281	439
37	145
37	66
37	28
37	387
37	148
37	118
37	32
37	275
37	149
37	447
37	122
37	298
822	11
822	16
822	51
822	62
822	823
824	11
824	13
824	141
323	16
344	12
344	16
344	160
344	150
344	78
344	345
108	13
108	128
108	307
108	173
825	12
825	15
825	67
826	300
828	12
828	16
828	62
828	66
828	274
828	112
828	337
828	216
828	221
828	403
403	5
403	246
403	568
120	98
355	279
355	247
355	830
472	31
472	119
472	376
472	829
247	12
247	62
247	28
247	29
247	387
247	148
247	274
247	32
247	33
247	34
247	446
247	279
247	36
247	304
247	376
247	472
247	349
247	242
247	450
247	39
247	285
247	832
247	454
247	829
247	528
247	126
247	628
247	479
247	833
247	667
830	14
830	35
830	376
830	305
830	498
830	834
835	8
835	14
835	16
835	160
835	111
835	138
835	152
836	835
613	12
613	152
416	15
416	163
416	246
283	6
283	28
283	209
283	21
283	300
283	119
283	36
283	304
283	37
283	305
283	497
283	298
283	565
283	540
283	440
283	813
283	441
283	838
283	543
232	12
232	24
234	12
234	14
234	48
234	55
234	22
234	97
235	14
235	127
235	111
235	94
236	5
236	8
236	174
236	19
236	267
236	73
236	96
236	371
237	11
237	48
237	57
237	20
237	67
237	73
237	202
237	100
237	151
840	13
840	183
840	309
309	400
309	593
841	12
841	16
841	33
841	179
404	16
404	66
404	67
404	72
404	33
404	166
404	241
405	28
405	94
405	280
405	842
406	66
406	147
406	523
406	149
406	388
406	242
406	450
406	475
406	462
406	507
406	843
407	33
294	7
294	12
294	14
294	18
294	128
294	67
294	81
294	86
294	92
294	168
294	173
294	158
844	821
845	11
845	14
845	67
845	136
846	847
847	13
847	16
847	133
847	66
847	67
847	73
847	166
847	178
847	149
847	143
847	846
847	263
849	12
849	174
849	19
849	400
849	97
849	358
849	237
849	851
849	26
850	51
850	133
850	275
850	97
850	807
850	849
850	262
850	852
850	854
850	856
851	12
851	849
26	6
26	14
26	148
26	35
26	98
26	121
26	39
26	475
857	12
857	112
592	11
592	46
592	183
592	53
592	73
592	93
592	217
592	364
592	325
364	12
364	16
364	53
364	222
364	35
364	592
858	11
858	14
858	132
858	52
858	156
858	592
325	2
325	9
325	13
325	15
325	127
325	49
325	53
325	67
325	69
325	72
325	81
325	88
325	95
325	178
325	105
325	107
325	592
859	16
589	14
589	127
589	160
589	133
589	150
589	28
589	33
589	119
589	149
284	7
284	12
284	14
284	127
284	49
284	18
284	175
284	186
284	128
284	207
284	20
284	62
284	63
284	155
284	150
284	67
284	71
284	73
284	81
284	156
284	135
284	86
284	91
284	34
284	95
284	100
284	172
284	157
284	106
284	108
284	250
365	15
365	19
365	201
365	166
365	100
365	104
365	106
365	240
346	12
346	14
346	16
346	127
346	160
346	111
346	150
346	28
346	73
346	81
346	96
346	119
346	197
346	138
346	241
346	250
520	8
520	14
520	17
520	19
520	222
520	192
261	5
261	14
261	18
261	222
261	168
261	99
261	860
587	14
587	46
587	58
587	150
587	72
861	862
863	128
864	9
864	12
864	16
864	47
864	51
864	128
864	63
864	162
864	72
864	81
864	88
864	96
864	138
864	142
864	239
864	582
864	241
864	466
864	643
811	18
811	65
811	374
803	8
803	67
803	300
803	239
438	146
144	9
144	14
144	16
144	127
144	50
144	160
144	59
144	67
144	165
144	95
144	106
144	108
122	273
122	28
122	209
122	118
122	21
122	35
122	119
122	36
122	281
122	38
122	389
122	409
122	391
865	300
644	14
644	28
644	34
644	304
644	512
583	16
583	165
583	151
610	12
610	16
610	62
610	138
610	25
610	283
295	16
305	62
305	31
305	348
305	130
305	648
305	528
305	477
562	14
526	2
526	9
526	81
526	86
526	97
526	375
297	8
297	12
297	14
297	16
297	47
297	186
297	55
297	58
297	150
297	69
297	75
297	88
297	168
297	366
326	15
417	400
866	133
366	111
868	51
869	563
563	31
563	34
563	279
563	376
563	644
563	460
563	253
563	334
563	336
563	288
563	539
563	604
563	870
563	654
563	871
563	812
563	476
563	623
563	662
563	478
563	666
563	671
563	672
563	674
563	629
563	681
563	683
563	687
563	542
563	694
563	696
563	699
563	701
563	875
563	706
563	877
563	817
563	880
563	631
563	488
563	559
563	569
563	729
563	731
563	732
563	459
563	740
563	769
563	597
563	882
563	492
563	884
563	470
563	887
563	889
242	36
242	396
890	13
890	128
890	62
890	156
892	9
892	14
892	160
892	79
892	33
892	34
892	893
893	12
212	281
212	305
212	686
894	400
896	5
896	12
896	174
896	183
896	109
896	65
896	274
896	23
896	136
896	216
896	364
896	593
896	898
367	176
367	155
367	94
367	38
367	799
593	348
897	593
898	900
901	4
901	8
901	12
901	14
901	16
901	47
901	18
901	160
901	53
901	58
901	206
901	61
901	133
901	64
901	66
901	67
901	72
901	77
901	79
901	84
901	166
901	92
901	24
901	117
901	172
901	107
901	229
901	365
900	12
418	2
418	13
418	182
418	131
418	55
418	128
418	60
418	66
418	67
418	28
418	74
418	77
418	31
418	33
418	166
418	34
418	278
418	291
38	35
38	304
537	870
902	300
607	183
607	59
607	67
607	97
607	340
608	9
608	16
608	128
608	67
903	94
269	185
269	310
270	13
270	17
270	151
270	350
271	12
271	267
271	155
271	157
213	6
213	145
213	209
213	274
213	119
213	26
213	39
213	285
213	452
213	503
905	13
350	12
350	315
350	94
351	315
906	8
906	14
906	58
906	81
906	97
377	4
377	8
377	11
377	13
377	16
377	17
377	47
377	50
377	175
377	56
377	201
377	133
377	150
377	72
377	79
377	156
377	113
377	115
377	216
377	173
907	16
907	908
473	7
473	28
473	118
473	21
473	35
473	304
473	242
473	450
473	254
473	451
473	214
473	440
473	653
473	623
473	661
473	909
473	487
130	6
130	62
130	28
130	31
130	21
130	35
130	119
130	348
130	403
130	305
130	213
130	395
130	39
130	331
130	124
130	453
130	440
130	598
130	501
130	462
130	482
130	573
468	28
468	29
468	118
468	32
468	203
468	119
468	304
468	388
468	405
468	38
468	439
468	285
468	452
468	440
468	43
460	6
460	28
460	387
460	148
460	274
460	32
460	34
460	446
460	348
460	376
460	26
460	305
460	212
460	130
460	250
460	285
460	451
460	288
460	454
460	458
460	462
460	693
460	545
474	145
474	35
474	376
474	26
474	250
474	578
474	555
474	458
474	813
914	182
914	275
915	196
916	2
916	9
916	13
916	15
916	127
916	49
916	53
916	67
916	69
916	72
916	81
916	88
916	95
916	178
916	105
916	107
916	592
916	326
519	9
519	127
519	59
327	44
327	57
917	14
917	113
917	229
382	12
382	14
382	244
382	148
382	35
382	304
382	281
382	305
382	439
382	451
382	477
382	397
919	9
919	16
919	61
919	129
919	77
919	136
920	12
920	22
921	12
921	174
921	400
356	150
356	172
357	6
357	160
357	145
357	28
357	30
357	118
357	31
357	21
357	523
357	34
357	94
357	119
357	149
357	622
357	448
357	388
357	472
357	405
357	26
357	242
357	213
357	497
357	389
357	331
357	124
357	290
357	379
357	799
357	463
357	658
357	461
357	502
357	126
357	661
357	839
357	459
357	922
923	14
577	262
262	5
262	8
262	14
262	19
262	55
262	97
262	335
369	8
369	12
369	14
369	127
369	160
369	133
369	67
369	194
369	143
369	370
370	12
370	17
370	337
370	97
925	14
925	46
925	107
926	16
926	111
926	73
926	927
927	7
927	48
927	94
927	929
930	12
930	14
930	47
930	55
930	145
930	111
930	66
930	134
930	146
930	29
930	147
930	209
930	21
930	446
930	157
930	354
930	120
930	497
930	395
930	450
497	67
497	36
497	124
497	876
439	145
439	386
439	129
439	147
439	209
439	118
439	21
439	95
439	278
439	246
439	280
439	281
439	120
439	122
439	38
439	389
439	286
439	498
439	578
439	440
439	469
439	390
439	815
439	932
395	28
395	29
395	209
395	118
395	31
395	21
395	35
395	149
395	246
395	448
395	388
395	26
395	38
395	497
395	251
395	598
395	528
395	126
395	543
395	597
389	6
389	147
389	246
389	122
389	497
450	35
450	126
298	6
298	62
298	65
298	386
298	129
298	387
298	209
298	118
298	21
298	279
298	376
298	37
298	38
298	250
298	292
298	126
298	933
934	12
934	15
934	132
934	111
934	520
328	9
328	14
328	46
328	128
328	363
328	934
848	16
848	128
848	62
848	33
935	12
935	183
935	111
935	178
937	12
937	67
938	14
938	182
938	29
938	22
938	283
310	22
940	564
941	33
942	50
942	129
457	9
457	18
248	12
248	182
248	184
248	193
248	824
249	28
249	118
249	32
249	33
249	94
249	36
249	246
249	349
249	213
249	285
249	288
249	504
249	531
250	5
250	7
250	12
250	15
250	160
250	145
250	150
250	28
250	34
250	115
250	26
250	298
251	244
251	31
251	473
39	6
39	160
39	67
39	28
39	148
39	31
39	21
39	523
39	35
39	94
39	525
39	36
39	246
39	281
39	121
39	158
39	305
39	242
39	213
39	474
39	450
39	252
39	285
39	336
39	124
39	288
39	290
39	498
39	27
39	440
39	455
39	541
39	528
39	623
39	502
39	441
39	627
39	479
39	670
39	443
39	690
39	444
39	693
39	943
39	544
39	507
39	707
39	877
39	488
39	511
39	547
39	736
39	740
39	751
39	888
39	946
252	3
252	184
252	145
252	28
252	147
252	148
252	21
252	35
252	98
252	36
252	280
252	403
252	38
252	389
252	564
252	250
252	253
252	329
252	40
252	475
252	409
252	568
252	463
252	813
252	390
252	43
252	479
252	530
252	678
252	630
252	544
252	398
252	717
252	570
252	597
253	6
253	273
253	203
253	34
253	279
253	517
253	563
253	39
253	254
253	440
253	458
253	630
253	487
254	6
254	21
254	98
254	120
254	473
254	452
254	578
254	454
254	528
254	482
254	506
381	174
381	163
948	165
949	261
950	13
950	16
950	160
950	62
950	67
420	67
420	26
420	647
647	6
647	145
647	146
647	28
647	274
647	21
647	300
647	446
647	119
647	36
647	246
647	472
647	563
647	38
647	439
647	285
647	498
647	813
647	391
647	690
831	209
831	249
263	8
263	11
263	13
263	16
263	52
263	53
263	69
263	96
263	141
263	179
951	329
952	127
952	123
123	244
123	129
123	118
123	31
123	21
123	275
123	94
123	278
123	304
123	241
123	388
123	26
123	38
123	130
123	395
123	39
123	124
123	292
123	829
123	396
123	504
123	444
123	814
123	817
123	717
123	767
123	954
123	955
421	80
957	12
958	19
329	12
329	14
329	187
329	65
329	86
329	96
329	252
959	12
266	5
960	174
961	16
962	9
962	80
962	240
422	274
963	65
606	11
606	16
606	99
964	7
964	12
964	16
964	109
964	133
964	33
964	85
330	16
330	115
965	12
965	174
965	23
966	97
967	13
967	16
967	174
967	19
967	58
967	155
967	67
968	16
968	59
969	12
969	109
969	107
331	28
331	30
331	130
332	4
332	9
332	12
332	14
332	16
332	182
332	159
332	46
332	48
332	131
332	183
332	18
332	51
332	109
332	54
332	56
332	58
332	161
332	61
332	133
332	62
332	63
332	162
332	66
332	134
332	69
332	72
332	75
332	77
332	78
332	80
332	156
332	84
332	87
332	89
332	91
332	168
332	95
332	115
332	99
332	101
332	278
332	103
332	25
332	143
332	106
332	241
334	145
334	622
334	563
334	652
334	672
334	693
334	745
285	6
285	28
285	387
285	274
285	21
285	35
285	582
285	388
285	38
285	439
285	124
285	540
285	180
285	932
335	2
335	7
335	12
335	14
335	16
335	182
335	19
335	52
335	186
335	128
335	61
335	65
335	67
335	74
335	164
335	22
335	318
335	300
335	93
335	96
335	137
335	192
335	198
335	225
335	104
335	140
335	220
335	380
335	845
335	364
335	520
335	607
335	906
335	923
335	381
335	360
335	965
335	802
335	972
335	974
335	976
40	28
40	446
40	304
40	563
40	126
40	492
336	145
336	28
336	35
336	94
336	304
336	26
336	38
336	39
336	124
336	475
336	568
336	441
336	630
336	943
336	978
979	300
980	12
980	16
980	162
980	150
980	28
980	274
980	278
980	286
41	94
423	307
423	25
982	51
124	6
124	67
124	29
124	119
124	304
124	283
124	468
124	395
124	40
124	454
124	502
124	839
451	145
451	28
451	274
451	34
451	446
451	246
451	449
451	281
451	158
451	242
451	130
451	298
451	567
451	463
451	397
801	183
801	52
802	8
802	13
802	174
802	59
802	62
802	150
802	23
802	25
984	145
985	9
985	49
985	59
985	83
986	8
986	241
311	182
311	366
987	13
987	84
312	110
988	5
988	14
988	183
988	300
452	6
452	14
452	46
452	160
452	133
452	273
452	66
452	146
452	129
452	71
452	209
452	118
452	32
452	33
452	34
452	446
452	278
452	149
452	141
452	246
452	464
452	376
452	281
452	37
452	405
452	122
452	212
452	213
452	497
452	450
452	564
452	39
452	285
452	648
452	453
452	27
452	555
452	42
452	528
452	396
452	125
452	441
452	43
452	663
452	693
452	543
452	740
452	912
424	4
424	14
424	160
424	176
424	67
424	73
424	88
424	97
991	9
992	8
992	97
992	993
993	12
993	992
475	569
426	2
426	6
426	8
426	12
426	16
426	47
426	49
426	19
426	160
426	55
426	62
426	162
426	66
426	163
426	72
426	81
426	83
426	85
426	166
426	24
427	12
427	47
427	52
427	155
427	134
427	73
427	908
429	183
429	22
430	80
434	14
434	160
437	16
437	67
437	81
437	84
437	113
437	173
296	7
296	14
296	53
296	58
296	67
296	33
995	2
995	67
288	524
289	13
289	67
289	129
289	148
289	203
289	136
289	277
289	241
289	37
289	122
289	290
289	126
289	911
290	145
290	118
290	122
409	6
409	62
409	273
409	150
409	28
409	29
409	148
409	118
409	32
409	33
409	34
409	94
409	278
409	447
409	385
409	388
409	37
409	242
409	285
409	27
409	126
408	135
972	12
997	152
998	8
998	361
998	129
998	565
565	145
565	28
565	32
565	35
565	94
565	304
565	376
565	283
565	468
565	439
565	41
565	475
565	649
565	214
565	454
565	655
565	657
565	477
565	661
565	529
565	670
565	676
565	680
565	542
565	999
565	543
565	1001
565	513
565	886
1004	11
1004	19
1004	36
1005	67
1006	409
538	9
538	111
538	28
538	21
538	241
538	388
538	1006
596	7
596	89
1007	300
1008	183
1008	165
1008	97
1008	1009
371	13
371	56
371	21
371	266
648	9
648	361
648	30
648	203
648	94
648	304
648	449
648	280
648	305
648	130
648	39
648	829
648	458
648	396
648	913
498	35
498	98
498	247
498	454
498	479
649	304
453	31
453	241
453	242
453	249
453	396
650	6
650	145
650	146
650	129
650	274
650	32
650	33
650	34
650	446
650	119
650	149
650	363
650	304
650	280
650	281
650	121
650	26
650	212
650	130
650	395
650	285
650	440
650	656
650	458
650	390
650	663
650	487
650	1010
539	28
539	21
539	203
539	35
539	602
539	281
539	26
539	39
539	288
539	27
539	626
539	872
539	1011
539	505
539	1012
539	875
539	707
539	877
539	712
539	1014
539	880
539	631
539	1016
539	713
539	510
539	487
1019	16
1019	464
612	8
612	16
612	28
540	6
540	57
540	28
540	303
540	148
540	118
540	31
540	33
540	300
540	35
540	119
540	278
540	149
540	348
540	304
540	241
540	464
540	449
540	280
540	281
540	283
540	349
540	122
540	242
540	130
540	460
540	497
540	395
540	253
540	647
540	285
540	124
540	565
540	498
540	453
540	214
540	440
540	568
540	555
540	42
540	1020
540	458
540	461
540	624
540	441
540	478
540	504
540	542
540	505
540	695
540	1000
540	543
540	1014
540	546
540	547
540	737
540	491
540	794
540	532
540	971
540	550
540	551
1022	12
1022	128
1022	178
1023	12
566	145
566	446
566	563
566	250
566	462
566	569
1024	638
1025	165
214	304
214	39
215	8
215	12
215	15
215	18
215	66
215	139
1026	189
1026	198
1026	348
527	375
527	660
527	630
527	531
604	244
604	36
604	282
604	123
604	214
604	396
973	8
973	14
973	62
973	33
975	1
975	7
975	10
975	13
975	15
975	181
975	127
975	53
975	299
975	267
975	65
975	74
975	164
975	189
975	90
975	97
975	308
975	196
975	605
975	151
975	177
975	380
975	613
975	845
975	364
975	520
975	607
975	906
975	923
975	381
975	360
975	335
975	974
975	977
977	12
977	400
379	273
379	35
379	376
379	357
379	123
379	652
379	528
379	43
379	444
379	631
379	569
379	910
27	145
27	71
27	21
27	203
27	34
27	524
27	602
27	246
27	281
27	26
27	242
27	357
27	39
27	647
27	286
27	498
27	540
27	581
27	499
27	829
27	477
27	396
27	125
27	627
27	478
27	669
27	530
27	675
27	690
27	691
27	1012
27	874
27	707
27	1013
27	817
27	880
27	1015
27	719
27	728
27	738
27	514
27	515
27	834
27	551
27	1029
799	602
799	349
799	357
799	123
799	656
799	662
799	669
799	504
799	872
799	684
799	1012
799	699
799	701
799	970
799	876
799	880
799	509
799	717
799	720
799	599
799	1031
899	1033
1034	238
832	11
832	13
832	15
832	160
832	65
832	148
832	274
832	34
832	246
832	247
832	537
832	39
1035	23
1035	233
1036	145
1036	67
567	6
567	361
567	28
567	147
567	118
567	33
567	300
567	35
567	94
567	279
567	376
567	242
567	468
567	40
567	475
567	578
567	653
567	813
567	529
567	530
567	687
567	443
578	128
578	66
578	386
578	129
578	72
578	209
578	32
578	275
578	35
578	525
578	149
578	304
578	449
578	280
578	120
578	283
578	122
578	473
578	474
578	395
578	298
578	254
578	451
578	288
578	579
578	455
578	528
578	396
578	479
578	391
578	443
578	542
578	505
578	1028
578	692
579	28
579	212
579	441
579	680
581	524
581	38
1040	5
1040	14
1040	162
1040	67
1040	89
1040	218
1042	5
1042	11
1042	13
1042	175
1042	73
1043	11
1044	12
1044	174
1044	67
180	119
180	280
180	247
180	285
180	451
1045	98
1046	16
1046	97
1047	12
1047	14
1047	127
1047	205
1047	150
1047	73
1047	156
1048	15
1048	97
1049	12
1049	127
1049	419
440	6
440	361
440	30
440	523
440	34
440	36
440	246
440	280
440	250
440	458
440	487
1052	2
1052	12
1052	174
1053	73
1054	14
1054	111
1054	82
1054	149
1055	9
1055	52
1055	62
1055	22
1055	238
1057	62
1058	15
1060	128
1060	94
1061	12
1061	14
1061	16
1061	51
1061	58
1061	64
1061	67
1061	23
1061	96
1061	149
1061	107
1062	12
1062	16
1063	11
1064	59
1065	59
1066	12
1066	74
1066	210
1067	225
1068	129
1068	304
1069	83
1070	119
1070	651
651	6
651	94
651	304
651	564
651	663
652	304
1071	292
454	145
454	273
454	146
454	29
454	147
454	118
454	31
454	34
454	98
454	36
454	241
454	448
454	120
454	121
454	26
454	305
454	473
454	460
454	497
454	298
454	40
454	124
454	475
454	648
454	214
454	499
454	500
454	598
454	653
454	829
454	655
454	555
454	541
454	812
454	501
454	1020
1072	36
1072	498
1072	463
1072	626
1072	627
499	6
499	145
499	148
499	31
499	21
499	35
499	119
499	36
499	354
499	121
499	26
499	468
499	249
499	124
499	27
499	463
499	543
568	14
568	97
568	403
568	475
568	396
500	94
500	36
500	249
500	214
500	829
455	6
455	20
455	28
455	31
455	21
455	94
455	246
455	122
455	439
455	254
455	451
455	462
455	630
598	121
598	126
870	35
870	98
870	246
870	405
870	39
870	253
870	454
870	874
653	386
653	129
653	31
653	94
653	36
653	246
653	376
653	38
653	298
653	336
653	451
653	288
653	498
653	454
653	555
653	528
653	390
653	663
653	478
653	479
653	480
653	670
653	481
653	504
653	672
653	673
653	675
653	676
653	909
653	678
653	679
653	873
653	1076
653	682
653	684
654	145
654	244
654	28
654	30
654	118
654	32
654	275
654	203
654	149
654	304
654	376
654	120
654	349
654	305
654	38
654	473
654	450
654	564
654	40
654	454
654	555
654	42
654	469
654	813
654	444
654	571
829	65
829	94
829	474
829	292
829	463
1073	303
1073	39
1073	463
1073	624
1073	444
1073	534
1073	883
655	7
655	13
655	16
655	62
655	28
655	29
655	387
655	148
655	274
655	21
655	275
655	204
655	97
655	119
655	149
655	304
655	464
655	376
655	282
655	120
655	122
655	242
655	454
655	42
655	462
655	441
871	30
871	35
871	472
871	305
871	253
871	454
871	458
555	6
555	145
555	31
555	21
555	523
555	35
555	94
555	149
555	304
555	280
555	405
555	122
555	38
555	39
555	123
555	452
555	498
555	214
555	568
555	829
555	528
555	623
555	461
555	462
555	441
555	478
555	690
463	38
541	396
42	395
42	503
812	361
812	94
812	119
812	304
812	283
812	40
812	540
812	578
812	396
812	529
812	690
812	731
656	145
656	148
656	274
656	32
656	33
656	523
656	34
656	94
656	36
656	304
656	280
656	37
656	26
656	563
656	213
656	39
656	799
656	396
656	506
656	559
501	6
501	129
501	31
501	35
501	36
501	448
501	26
501	130
501	39
501	124
501	454
657	361
657	118
657	32
657	446
657	36
657	376
657	247
657	38
657	40
657	451
657	498
657	454
657	396
657	666
657	680
1020	6
1020	244
1020	28
1020	118
1020	32
1020	35
1020	119
1020	304
1020	448
1020	120
1020	26
1020	497
1020	250
1020	331
1020	124
1020	540
1020	922
476	26
476	799
476	469
469	36
469	38
658	7
658	145
658	97
658	473
528	6
528	361
528	148
528	31
528	34
528	98
528	388
528	563
528	39
528	289
528	653
528	461
528	43
528	444
528	487
458	6
458	28
458	148
458	203
458	35
458	348
458	376
458	26
458	473
458	474
458	253
458	565
458	440
458	568
458	555
458	528
458	461
458	666
458	696
458	559
458	746
477	35
477	376
477	397
623	145
623	94
623	304
623	305
623	473
623	648
623	458
623	487
623	493
931	12
931	16
931	175
931	145
931	111
931	66
931	28
931	30
931	148
931	274
931	32
931	33
931	34
931	446
931	97
931	119
931	278
931	36
931	241
931	280
931	120
931	405
931	122
931	38
931	497
931	450
931	285
931	290
931	214
931	454
931	396
931	461
931	502
931	1081
931	624
931	126
931	503
396	244
396	30
396	274
396	21
396	376
396	26
396	40
396	397
396	599
461	7
461	160
461	67
461	148
461	112
461	35
461	37
461	39
461	214
461	668
125	28
125	21
125	280
125	122
125	126
502	290
558	274
558	21
558	94
558	119
558	289
558	531
1081	6
1081	118
1081	35
1081	36
1081	158
1081	1082
390	21
390	304
390	396
462	497
462	123
126	6
126	62
126	244
126	28
126	147
126	303
126	148
126	32
126	33
126	36
126	388
126	122
126	395
126	250
126	292
126	398
441	6
441	128
441	146
441	129
441	274
441	32
441	523
441	34
441	119
441	149
441	304
441	241
441	388
441	38
441	468
441	439
441	39
441	124
441	540
441	454
441	813
441	502
441	126
441	543
441	459
503	244
503	28
503	30
503	148
503	21
503	119
503	149
503	304
503	385
503	280
503	120
503	26
503	213
503	39
503	40
503	290
503	539
503	568
503	555
503	931
503	462
503	876
625	304
625	813
397	244
397	148
397	274
397	36
397	388
397	451
1084	6
1084	118
1084	21
1084	98
1084	449
1084	251
1084	27
1084	125
1084	397
1074	282
1074	1085
626	5
626	16
626	160
626	62
626	111
626	66
626	67
626	30
626	148
626	31
626	21
626	275
626	203
626	113
626	35
626	98
626	524
626	149
626	622
626	241
626	280
626	37
626	405
626	349
626	122
626	212
626	130
626	439
626	285
626	451
626	1072
626	463
626	43
626	690
43	3
43	51
43	28
43	31
43	21
43	35
43	278
43	36
43	448
43	280
43	830
43	122
43	242
43	130
43	395
43	252
43	124
43	290
43	604
43	578
43	440
43	1072
43	469
43	461
43	462
43	397
43	663
43	669
43	444
43	507
43	880
43	488
43	956
627	6
627	244
627	21
627	300
627	282
627	283
627	26
627	563
627	473
627	250
627	39
627	452
627	290
627	27
627	42
627	125
627	462
627	43
627	529
627	482
627	505
627	876
627	749
627	1086
659	145
659	28
659	148
659	274
659	21
659	94
659	97
659	120
659	26
659	38
659	250
659	123
659	288
659	214
659	555
659	396
659	661
659	629
659	1087
659	1080
659	794
1089	21
660	145
660	94
660	119
660	304
660	38
660	39
660	288
660	527
660	454
660	656
660	662
660	664
661	34
661	246
661	130
661	497
661	39
661	214
661	652
661	870
661	458
661	813
661	660
661	664
661	684
661	487
661	724
661	1090
662	145
662	244
662	28
662	118
662	31
662	21
662	34
662	446
662	98
662	149
662	304
662	448
662	120
662	405
662	349
662	122
662	563
662	38
662	130
662	439
662	39
662	123
662	40
662	124
662	648
662	454
662	463
662	812
662	469
662	125
662	627
662	479
662	504
662	690
662	913
663	361
663	304
663	563
664	31
664	304
664	40
664	652
664	458
664	710
478	14
478	28
478	148
478	21
478	34
478	446
478	36
478	246
478	120
478	26
478	38
478	130
478	123
478	285
478	540
478	27
478	454
478	555
478	623
478	461
478	661
478	671
478	487
478	574
628	35
628	799
628	397
479	7
479	14
479	18
479	145
479	361
479	64
479	150
479	146
479	73
479	387
479	80
479	31
479	33
479	34
479	446
479	119
479	149
479	304
479	241
479	376
479	388
479	120
479	305
479	212
479	439
479	40
479	451
479	453
479	27
479	528
479	43
479	529
479	687
479	702
666	58
666	34
666	98
666	563
666	254
666	214
666	655
666	623
666	487
833	128
833	28
833	33
833	119
833	120
833	405
833	454
667	31
667	34
667	247
667	331
667	214
667	627
667	693
668	160
668	62
668	28
668	30
668	274
668	21
668	523
668	446
668	149
668	304
668	376
668	472
668	830
668	122
668	468
668	124
668	454
668	528
668	667
1092	119
1092	391
391	28
391	36
391	212
669	6
669	244
669	300
669	94
669	36
669	120
669	563
669	253
669	41
669	565
669	27
669	292
669	555
669	660
669	675
669	688
669	483
670	145
670	119
670	281
670	122
670	39
670	475
670	653
670	396
670	749
530	14
530	66
530	32
530	35
530	246
530	38
530	473
530	251
530	567
481	35
481	524
481	130
481	123
481	214
481	653
481	397
481	1012
671	145
671	524
671	304
671	473
671	253
671	288
671	214
671	27
671	528
671	676
671	684
671	694
671	874
671	943
504	145
504	28
504	21
504	98
504	563
504	473
504	123
504	653
504	686
504	714
672	145
672	304
672	214
672	652
872	6
872	34
872	98
872	120
872	451
872	799
673	21
673	304
673	41
673	463
674	361
674	473
675	524
675	304
675	473
675	396
629	563
629	652
676	361
676	98
676	563
676	564
676	565
676	652
676	397
676	671
677	30
677	349
677	38
677	214
677	652
677	666
677	676
677	701
677	971
909	36
909	648
909	440
909	653
442	244
442	446
442	304
442	653
442	545
678	94
678	304
678	629
678	784
1075	21
1075	473
1075	653
679	98
679	803
679	465
1011	145
1011	21
1011	94
1011	36
1011	563
1011	474
1011	40
1011	27
1011	653
1011	672
1011	1076
1011	695
1011	877
1011	1016
1011	746
873	145
873	94
873	563
873	565
873	653
873	671
873	698
680	145
680	28
680	31
680	21
680	523
680	446
680	36
680	246
680	449
680	388
680	282
680	406
680	26
680	305
680	212
680	473
680	382
680	439
680	250
680	123
680	40
680	288
680	498
680	579
680	568
680	598
680	555
680	541
680	656
680	469
680	477
680	813
680	125
680	390
680	441
680	660
680	669
680	671
680	677
680	686
680	630
680	690
680	693
680	398
680	932
680	712
680	488
680	732
680	933
680	1095
680	573
1076	6
1076	446
1076	36
1076	563
1076	288
1076	652
1076	653
1076	396
1076	390
1076	1011
1076	732
1076	922
681	6
681	244
681	36
681	563
681	123
681	799
681	397
682	97
682	304
682	334
682	652
682	1077
682	672
682	1075
682	695
683	12
683	21
683	94
683	98
683	120
683	38
683	451
683	653
684	145
684	35
684	524
684	39
684	451
684	653
684	458
685	304
686	214
687	361
687	304
687	479
630	28
630	147
630	21
630	446
630	120
630	122
630	212
630	130
630	252
630	475
630	390
630	391
630	693
443	30
482	31
482	34
482	36
482	120
482	473
482	250
482	451
482	528
688	273
688	32
688	94
688	120
688	288
688	397
688	570
689	94
689	158
483	145
690	6
690	386
690	21
690	300
690	446
690	36
690	246
690	282
690	472
690	242
690	537
690	254
690	40
690	451
690	288
690	527
690	578
690	652
690	812
690	396
690	397
690	391
690	670
690	444
690	1098
690	814
690	740
690	769
690	470
690	888
542	6
542	21
542	94
542	119
542	304
542	26
542	213
542	41
542	292
542	501
542	502
444	158
444	39
444	528
444	507
505	28
505	31
505	35
505	36
505	120
505	305
505	38
505	39
505	27
505	477
505	390
505	397
505	479
505	513
505	1100
691	28
691	524
691	250
691	397
1037	71
1037	94
1037	281
1037	439
1037	567
1037	579
1037	391
1038	623
694	21
694	35
694	36
694	464
694	120
694	563
694	474
694	334
694	454
694	396
694	530
694	873
694	684
694	696
694	697
695	361
695	36
695	26
695	334
695	700
696	6
696	118
696	279
696	304
696	862
696	563
696	367
696	329
696	453
696	799
696	829
696	812
696	1077
696	391
696	694
696	698
696	1098
696	1087
696	701
696	970
696	1103
1101	3
1101	31
1101	36
1101	298
1101	250
1101	674
1101	878
697	6
697	30
697	35
697	241
697	463
697	694
911	6
911	16
911	186
911	28
911	209
911	33
911	119
911	149
911	173
911	241
911	122
911	250
911	289
911	463
911	502
1105	98
1105	36
1082	28
1082	33
1082	94
1082	278
1082	36
1082	388
1082	124
1082	292
1082	502
1082	462
1012	12
1012	28
1012	31
1012	21
1012	119
1012	36
1012	122
1012	298
1012	40
1012	27
1012	292
1012	829
1012	623
1012	126
1012	481
1012	698
1012	970
1012	559
1012	913
698	304
698	563
698	564
698	799
698	397
698	746
1098	209
1098	449
1098	396
1098	696
699	145
699	28
699	119
699	563
699	439
699	288
699	527
699	799
699	652
699	813
699	679
699	696
699	700
699	709
699	718
699	737
699	1106
1087	35
1087	98
1087	122
1087	40
1087	469
1087	696
700	62
700	119
700	563
700	653
701	307
701	279
701	349
701	799
701	693
701	1107
701	722
701	736
701	739
701	762
701	787
701	953
701	494
874	563
874	489
970	145
970	28
970	31
970	21
970	94
970	36
970	122
970	451
970	214
970	652
970	1073
970	396
970	671
970	1012
970	1108
702	145
702	31
702	35
702	119
702	449
702	122
702	249
702	39
702	829
702	469
702	458
702	502
702	441
702	943
1103	653
1104	652
1104	696
875	145
875	94
875	36
875	122
875	27
1109	361
484	6
484	35
484	94
484	304
484	38
484	214
484	528
1110	120
1000	28
1000	97
1000	829
1000	1107
1107	304
1107	1000
943	524
943	336
943	652
943	658
943	663
943	671
943	677
943	702
943	879
943	569
703	6
703	244
703	28
703	148
703	32
703	87
703	35
703	149
703	304
703	448
703	158
703	305
703	212
703	285
703	451
703	623
703	479
1112	94
1112	130
1112	704
704	145
704	563
704	688
485	31
485	446
485	149
485	120
485	41
485	578
485	652
485	489
485	783
1113	304
1113	121
1113	397
705	94
814	145
814	274
814	275
814	94
814	246
814	282
814	250
814	123
814	462
814	504
814	1114
814	839
1114	28
1114	26
1114	124
1114	1014
543	6
543	145
543	146
543	28
543	30
543	118
543	32
543	275
543	34
543	94
543	278
543	304
543	448
543	388
543	282
543	283
543	26
543	305
543	38
543	130
543	439
543	450
543	250
543	285
543	451
543	565
543	799
543	180
543	499
543	463
543	477
543	813
543	462
543	441
543	444
543	714
543	718
543	731
543	747
839	148
839	497
839	124
839	444
706	6
706	31
706	21
706	300
706	446
706	36
706	563
706	254
706	504
706	506
506	304
506	472
506	473
506	254
506	27
506	528
506	529
506	573
544	145
544	162
544	28
544	147
544	148
544	21
544	35
544	119
544	279
544	376
544	120
544	122
544	242
544	38
544	395
544	39
544	285
544	451
544	454
544	829
544	396
544	126
544	686
544	944
944	246
944	39
944	331
944	528
944	693
944	721
507	242
507	250
507	475
507	658
507	624
507	551
398	361
398	35
398	213
398	451
398	397
1032	1115
1080	6
1080	244
1080	118
1080	94
1080	36
1080	349
1080	656
1080	396
1080	508
508	244
508	21
508	94
508	36
508	122
508	463
508	462
508	1080
508	1116
1117	304
531	304
531	468
531	451
707	6
707	145
707	118
707	36
707	354
707	121
707	451
707	529
876	12
876	16
876	128
876	28
876	148
876	32
876	94
876	97
876	149
876	280
876	405
876	305
876	213
876	298
876	124
876	214
876	292
876	42
876	462
876	599
465	463
465	679
932	6
932	244
932	28
932	147
932	118
932	21
932	35
932	119
932	36
932	241
932	282
932	158
932	122
932	468
932	298
932	285
932	42
932	813
932	624
932	531
932	560
932	1118
1120	6
1120	12
1120	28
1120	119
1120	241
1120	911
708	35
708	39
1013	21
1013	94
1013	158
1013	252
1013	799
1013	397
1001	129
1001	451
709	119
877	145
877	524
877	27
1121	94
1121	449
710	304
710	1122
711	3
711	32
711	94
711	36
711	652
1124	98
878	3
878	446
878	119
878	622
878	40
878	652
878	1101
878	745
712	94
712	524
712	458
817	145
817	386
817	209
817	274
817	32
817	34
817	97
817	149
817	449
817	247
817	122
817	38
817	298
817	40
817	27
817	440
817	469
817	813
817	483
1014	6
1014	524
1014	304
1014	26
1014	27
879	6
879	28
879	304
879	563
879	285
879	214
880	3
880	145
880	28
880	30
880	148
880	274
880	21
880	34
880	446
880	98
880	277
880	36
880	246
880	385
880	388
880	121
880	349
880	122
880	242
880	473
880	474
880	439
880	450
880	252
880	123
880	40
880	124
880	289
880	539
880	27
880	440
880	829
880	42
880	469
880	528
880	477
880	126
880	627
880	444
880	484
880	487
880	599
880	913
880	882
486	31
486	119
486	158
486	40
486	799
486	704
631	145
631	98
631	304
631	26
631	439
631	123
631	397
1015	32
1015	35
1015	98
1015	120
1015	27
1015	440
509	28
509	35
509	524
509	120
509	39
509	27
509	1011
713	6
713	28
713	446
713	149
713	304
713	280
713	124
713	396
713	731
714	32
714	524
714	472
714	439
714	41
714	214
714	42
714	126
714	690
714	543
510	6
510	16
510	67
510	21
510	119
510	36
510	449
510	213
510	39
510	288
510	292
510	462
510	504
510	731
1017	98
487	30
487	149
487	376
487	26
487	473
487	298
487	253
487	124
487	452
487	540
487	440
487	627
487	542
487	880
881	6
881	273
881	386
881	147
881	148
881	21
881	300
881	446
881	278
881	36
881	241
881	376
881	281
881	120
881	563
881	38
881	450
881	40
881	455
881	125
881	630
881	488
488	290
715	145
715	209
715	32
715	35
715	119
715	304
715	121
715	130
715	285
715	451
715	454
715	813
715	543
559	300
559	35
559	36
559	563
559	666
717	31
717	304
717	38
717	252
717	799
717	462
717	661
718	361
718	28
718	33
718	35
718	525
718	149
718	464
718	242
718	123
718	288
718	799
718	652
718	479
718	701
718	1014
718	748
719	12
719	65
719	28
719	31
719	21
719	35
719	119
719	149
719	304
719	37
719	121
719	563
719	450
719	252
719	565
719	214
719	27
719	657
719	528
719	624
719	504
720	35
721	7
721	30
721	34
721	304
721	39
721	214
721	528
721	700
721	509
721	751
722	361
722	304
722	288
722	477
722	701
569	563
569	475
569	180
569	943
511	67
511	28
511	118
511	21
511	304
511	563
511	39
511	799
512	6
512	28
512	31
512	33
512	149
512	304
512	468
560	203
560	304
560	214
560	543
724	6
724	94
724	304
724	285
724	661
725	6
725	32
725	304
725	120
725	498
725	440
725	655
725	661
726	21
727	304
546	203
546	97
546	525
546	464
546	38
546	214
546	661
546	734
728	304
489	28
489	31
489	34
489	94
489	304
489	376
489	247
489	26
489	39
489	799
489	454
489	458
547	35
547	464
547	305
547	39
547	290
547	656
547	528
547	767
729	145
729	300
729	94
729	304
729	563
729	40
729	568
729	627
729	690
730	125
731	35
731	36
731	38
731	39
731	285
731	214
731	126
731	670
731	684
731	543
731	510
632	6
632	244
632	28
632	147
632	118
632	31
632	33
632	203
632	446
632	36
632	304
632	376
632	388
632	120
632	122
632	242
632	39
632	40
632	578
632	469
632	398
732	145
732	94
732	120
734	12
734	94
734	304
734	158
734	41
734	664
734	726
735	304
735	40
459	6
459	29
459	147
459	21
459	94
459	304
459	26
459	563
459	252
459	290
459	463
459	441
737	361
737	35
737	281
737	124
737	288
737	652
737	555
737	501
737	485
737	707
737	1021
738	396
490	31
490	33
490	304
490	283
490	563
490	292
490	396
490	672
513	16
513	28
513	33
513	119
513	157
513	247
513	439
513	41
513	288
513	454
513	42
513	502
513	834
739	214
740	94
740	304
740	38
740	214
741	6
741	300
741	122
742	244
742	21
742	36
742	354
742	26
742	130
742	475
742	598
743	304
744	300
744	281
744	451
745	122
745	555
745	1077
746	361
746	304
746	254
746	214
746	500
746	1011
747	6
747	244
747	148
747	94
747	119
747	349
747	124
747	543
748	28
748	21
748	94
748	36
748	449
748	123
748	469
570	184
570	150
570	300
570	94
570	246
570	38
570	288
570	398
570	551
749	304
750	6
750	304
750	531
752	304
753	970
756	361
756	304
756	41
756	653
757	6
757	16
757	28
757	33
757	36
757	439
757	288
757	125
757	505
757	513
757	515
757	1079
514	361
514	28
514	21
514	119
514	304
514	38
514	27
514	529
514	506
514	714
759	361
759	304
759	285
763	6
763	94
763	119
763	124
764	304
765	36
767	145
767	147
767	274
767	32
767	34
767	94
767	36
767	304
767	464
767	26
767	305
767	123
767	440
767	463
767	469
767	547
768	361
768	458
774	31
774	38
776	304
777	488
779	124
784	304
784	678
515	16
515	386
515	29
515	118
515	33
515	94
515	119
515	149
515	157
515	280
515	37
515	283
515	122
515	38
515	439
515	285
515	475
515	42
515	125
515	505
515	757
515	1079
785	304
787	32
788	304
791	28
791	32
791	304
792	361
792	94
792	280
792	124
794	361
794	94
794	41
794	652
794	683
794	943
795	304
597	145
597	28
597	148
597	85
597	35
597	525
597	304
597	830
597	305
597	395
597	39
597	40
597	288
597	567
597	652
597	458
597	660
597	675
597	678
597	683
597	693
597	944
597	631
597	1017
597	546
597	746
597	787
597	953
597	883
597	573
796	28
796	21
796	36
796	448
796	26
796	563
796	290
796	463
818	361
818	304
818	26
1102	62
1102	386
1102	274
1102	97
1102	119
1102	241
1102	122
1102	38
1102	124
1102	125
834	6
834	300
834	97
834	449
834	38
834	123
834	578
834	1103
834	971
1128	35
1128	121
1129	6
1129	62
1129	28
1129	21
1129	149
1129	122
1129	451
1129	1128
1130	304
1130	38
571	28
571	76
571	305
571	212
532	94
971	672
599	28
599	35
599	799
599	658
550	386
550	148
550	203
550	35
550	36
550	464
550	38
550	450
550	440
550	459
953	12
953	28
953	246
953	799
551	751
1131	361
1132	13
1132	53
1132	62
1132	146
1132	72
1132	147
1132	148
1132	35
1132	279
1132	376
1132	26
1132	130
1132	395
1132	498
1132	568
1132	871
1132	477
1132	397
1132	444
533	12
533	576
1133	300
954	28
954	123
954	451
933	28
933	31
933	36
933	122
933	252
933	462
933	679
1134	94
913	28
913	303
913	35
913	525
913	403
913	305
913	473
913	474
913	123
913	292
913	568
913	42
913	623
913	680
913	1012
913	880
913	783
1125	474
882	21
882	94
882	119
882	563
882	27
978	94
1002	91
1002	277
1135	300
1136	652
1083	145
1083	146
1083	148
1083	33
1083	300
1083	36
1083	464
1083	376
1083	282
1083	26
1083	124
1083	578
1083	503
1083	693
1083	487
1137	35
1137	304
1095	94
1138	40
922	124
1027	145
1027	21
1027	94
1027	119
1027	122
1027	39
1027	379
1139	6
1139	386
1139	29
1139	33
1139	94
1139	282
1139	38
1139	123
1139	453
1140	361
1140	38
1122	710
534	273
534	129
534	525
534	280
534	451
534	1078
552	12
1141	28
1141	33
1141	35
1141	98
1141	36
1141	813
1029	174
1029	35
1029	27
1030	28
1030	31
1030	149
1030	452
1030	541
1030	390
1142	119
1143	32
1143	300
1143	40
1144	146
1144	246
1144	376
1144	26
1144	305
1144	212
1144	537
1144	123
1144	454
1144	42
1144	630
572	386
572	446
572	304
572	120
572	242
572	396
572	391
492	145
492	21
492	246
492	563
492	630
883	525
883	288
883	684
883	597
884	145
884	525
884	690
885	145
885	652
470	6
470	244
470	28
470	387
470	274
470	21
470	35
470	149
470	246
470	158
470	26
470	305
470	242
470	213
470	450
470	40
470	475
470	290
470	440
470	501
470	477
470	462
470	391
470	444
470	730
887	145
887	28
887	21
887	98
887	120
887	122
887	38
887	439
887	285
888	563
1145	6
1145	13
1145	244
1145	209
1145	33
1145	35
1145	119
1145	388
1145	26
1145	395
1145	124
1145	528
1145	397
1145	444
573	145
573	31
573	33
573	35
573	119
573	278
573	149
573	376
573	472
573	122
573	130
573	253
573	528
573	479
573	684
573	508
1116	98
1146	21
600	6
600	273
600	30
600	274
600	21
600	98
600	120
600	409
1148	146
493	145
493	30
493	94
493	246
493	563
493	829
493	623
493	672
1149	36
574	6
574	145
574	146
574	129
574	30
574	21
574	35
574	94
574	36
574	376
574	38
574	41
574	452
574	568
574	697
456	145
456	146
456	30
456	387
456	446
456	246
456	388
456	38
456	42
456	390
456	444
456	398
1150	145
1150	563
1150	391
1150	1151
1151	145
1151	563
1151	391
1151	1152
494	145
494	31
494	94
494	395
1153	9
1153	98
1127	145
1127	120
1154	94
1156	6
1156	32
1156	37
1156	180
1156	42
1157	6
1157	62
1157	35
1157	279
1157	601
1157	26
1157	475
1157	653
1157	477
1157	971
945	12
945	146
945	31
945	94
945	246
945	26
945	123
945	658
945	663
946	244
946	1158
843	361
843	28
843	94
843	440
843	477
843	441
843	687
1159	46
1159	273
1159	134
1159	31
1159	275
1159	94
1159	36
1159	158
1159	122
1159	123
1159	42
1159	502
1159	398
1160	145
1160	31
1160	94
1160	449
1160	120
1160	563
1160	124
1160	440
1160	528
1160	1029
1161	8
1161	12
1161	14
1161	145
1161	28
1161	72
1161	387
1161	204
1161	94
1161	98
1161	304
1161	124
1161	42
1162	212
1163	94
1163	158
633	304
634	28
634	147
634	32
634	33
634	94
634	149
634	241
634	26
634	212
634	39
634	124
634	501
635	18
635	61
635	82
635	94
635	36
635	403
635	473
635	469
635	669
1164	128
1164	28
1164	32
1164	94
1164	447
1164	120
1164	38
1165	244
1165	119
1165	462
1079	28
1079	32
1079	439
1079	42
1079	505
1079	757
1079	515
1166	6
1166	28
1166	21
1166	119
1166	26
1166	38
1166	331
1166	541
1166	397
1167	300
1167	652
1168	35
1169	6
1169	65
1169	35
1169	405
1085	94
1170	205
1108	32
1171	12
1171	1172
1173	94
1175	12
1175	361
1175	28
1175	198
1175	282
1175	454
1175	487
1176	16
1176	28
1176	275
1176	36
1176	292
1177	300
1177	690
1010	6
1010	28
1010	31
1010	35
1010	97
1010	120
1010	38
1010	251
1010	124
1010	214
1010	813
1010	686
1178	33
1178	97
1178	242
1178	529
1179	145
1179	28
1179	35
1179	98
1179	280
1179	123
1179	700
1179	747
1118	145
1118	120
1118	214
1118	932
1097	387
1097	36
1097	130
1097	288
1097	1076
1097	732
1097	1091
535	111
535	28
535	523
535	94
535	149
535	120
535	292
910	6
910	129
910	148
910	203
910	35
910	26
910	130
910	214
1181	1093
1182	129
1183	361
1183	1184
1184	361
1184	94
1184	451
1184	693
1185	6
1185	31
1186	282
1187	473
1187	482
1188	3
1188	28
1188	21
1188	523
1188	94
1188	250
1188	566
1188	661
1188	704
1189	12
1189	174
1189	118
1189	33
1189	304
1189	376
1189	212
1189	285
1090	35
1090	525
1090	212
1090	41
1190	129
1192	94
1193	98
1193	282
1194	145
1194	28
1194	147
1194	32
1194	446
1194	304
1194	120
1194	439
1194	285
1194	453
1194	578
1194	390
1194	397
1194	479
1194	398
1195	94
1196	94
1197	6
1197	94
1198	12
1198	28
1198	33
1198	119
1198	149
1198	388
1198	120
1198	450
1199	148
1199	94
1199	250
1199	451
1199	559
1200	94
1201	36
1201	250
1202	564
1203	31
1203	388
1204	94
1094	94
1094	242
1094	693
1094	794
1205	652
1206	35
1206	98
1206	464
1206	305
1206	41
1206	469
1206	531
1206	496
1208	5
1208	13
1208	32
1208	97
1208	26
1208	829
1208	126
1209	98
1209	652
1211	252
1212	94
1213	128
1213	146
1213	28
1213	387
1213	118
1213	21
1213	523
1213	35
1213	119
1213	149
1213	157
1213	449
1213	388
1213	120
1213	242
1213	468
1213	439
1213	251
1213	123
1213	124
1213	180
1213	396
1213	390
1213	126
1213	693
1213	708
1213	549
1213	535
1214	145
1214	28
1214	21
1214	94
1214	36
1214	38
1214	477
1214	125
1214	490
1215	361
1216	4
1216	8
1216	12
1216	16
1216	49
1216	51
1216	59
1216	273
1216	146
1216	129
1216	71
1216	74
1216	81
1216	21
1216	135
1216	94
1216	278
1216	36
1216	449
1216	280
1216	405
1216	450
1216	453
1217	275
1218	35
1218	509
1220	94
1221	672
