8	6
8	7
9	8
10	9
13	5
13	12
14	13
15	13
16	14
17	14
19	18
20	19
29	14
34	33
35	34
36	35
37	36
38	36
39	36
42	41
47	36
47	44
47	45
47	46
50	10
51	21
53	24
58	25
58	41
59	58
60	59
61	9
62	31
68	63
68	64
68	65
69	35
69	66
69	68
70	67
70	69
73	72
75	9
75	48
77	76
79	78
80	79
82	81
83	13
86	71
86	76
88	4
88	55
88	87
89	87
90	88
91	73
94	11
94	26
94	43
94	92
94	93
95	94
97	34
97	40
98	28
98	42
98	57
98	74
98	82
100	98
100	99
101	48
104	31
106	48
107	55
108	70
109	54
109	78
110	76
110	86
111	52
112	72
113	112
115	114
116	108
117	116
118	116
119	52
119	56
120	5
120	51
122	121
123	30
123	92
123	101
123	122
125	11
125	98
129	95
129	113
129	126
129	127
129	128
130	19
130	29
131	26
131	94
135	98
136	25
139	26
139	50
139	131
139	138
140	30
140	102
140	123
140	138
140	139
141	35
141	140
142	35
142	141
143	138
144	96
145	103
146	136
147	14
147	54
148	96
148	111
148	119
149	56
150	138
151	85
151	143
152	56
153	103
153	124
153	146
154	60
154	62
154	153
155	32
155	154
156	153
157	36
157	153
157	154
158	153
159	154
160	29
161	27
163	43
163	162
164	163
165	162
166	27
167	41
167	58
170	77
170	168
170	169
171	47
171	95
171	170
172	52
172	88
173	124
173	154
174	32
174	92
174	104
175	56
175	119
176	21
176	166
178	88
178	107
178	177
179	177
180	177
181	42
181	150
184	46
184	80
184	105
184	182
184	183
185	76
186	106
186	140
187	169
187	185
188	61
189	156
189	174
190	18
190	103
191	77
191	150
191	163
192	111
192	144
193	157
193	192
194	51
194	124
194	145
195	88
196	145
196	161
198	56
198	88
198	149
198	152
199	20
199	80
199	179
200	184
200	198
201	197
201	198
201	199
202	40
202	143
203	26
204	111
204	195
205	9
205	50
205	98
205	115
205	138
205	188
206	179
207	108
207	116
207	129
207	205
207	206
208	9
208	125
209	61
210	101
211	210
212	210
213	210
215	72
215	112
215	214
218	41
218	83
218	217
221	83
221	220
222	104
222	134
223	137
224	71
224	137
224	219
225	216
225	221
227	169
227	223
228	187
228	216
229	137
229	168
229	226
230	187
230	226
231	53
231	73
232	41
232	124
234	143
234	233
235	129
236	134
236	135
237	236
240	239
242	241
247	245
247	246
250	248
250	249
252	238
252	251
253	252
255	254
257	246
259	256
259	257
261	260
262	261
267	261
267	266
269	268
274	270
274	271
274	272
274	273
275	274
280	249
280	279
281	264
282	279
284	242
284	254
284	282
284	283
285	255
285	284
286	276
287	260
289	251
289	252
290	288
292	291
295	279
295	282
296	284
296	295
298	246
298	278
298	293
299	255
299	258
299	298
300	294
300	297
302	279
302	282
302	295
302	301
305	249
305	280
305	284
305	304
306	258
306	285
306	305
307	303
308	265
308	297
310	257
311	258
311	310
312	249
312	280
313	249
313	279
313	280
313	282
313	295
313	302
313	305
313	312
314	277
315	314
316	240
316	285
316	299
316	303
316	306
316	315
318	238
318	317
319	251
320	319
321	263
321	320
322	252
322	319
323	308
325	274
325	292
325	324
326	314
327	240
328	327
329	254
330	247
330	329
333	239
333	332
334	261
334	264
334	281
335	244
335	278
335	298
336	290
336	318
337	240
337	253
337	316
337	336
338	336
339	338
340	297
340	308
340	331
341	340
342	243
342	277
343	298
343	342
344	262
344	311
345	262
345	311
346	269
346	341
350	260
350	266
350	349
351	241
351	276
351	287
352	334
352	347
352	348
352	351
353	309
353	332
354	239
354	353
355	243
355	332
355	342
355	353
356	315
356	355
357	330
358	309
360	249
360	257
360	280
361	244
361	359
362	269
362	274
362	292
362	299
362	361
363	242
364	242
365	242
365	296
366	242
366	284
367	251
368	257
368	310
369	260
369	350
370	251
370	319
370	367
371	246
372	272
373	335
374	353
376	252
377	357
378	246
378	278
378	371
378	375
379	327
380	331
381	257
381	360
382	260
384	383
386	0
386	385
387	386
391	390
392	391
393	384
394	391
395	0
395	393
396	393
397	396
398	396
399	396
400	396
402	392
402	401
403	402
405	404
406	392
406	405
408	407
409	391
411	402
411	410
414	413
415	413
417	416
419	395
420	396
421	418
421	419
421	420
423	391
425	392
425	414
425	424
426	384
426	420
426	425
427	426
429	383
430	388
430	416
430	423
431	405
431	409
432	431
433	431
435	402
435	434
436	392
436	402
436	432
437	389
437	408
439	402
439	422
439	438
441	430
441	440
442	394
442	441
443	424
444	416
444	424
445	383
445	386
446	386
446	429
447	384
447	393
447	426
449	448
450	416
451	0
451	408
452	413
452	428
453	451
454	383
455	383
455	454
456	408
456	419
457	394
457	405
459	413
459	428
459	455
460	405
460	457
461	435
461	458
462	383
462	413
463	453
464	413
464	443
465	449
465	456
466	442
467	449
467	463
468	413
468	443
468	450
469	416
469	430
469	464
470	429
470	454
472	431
472	438
472	471
473	412
473	438
477	476
479	478
480	477
480	479
481	474
481	479
484	477
484	483
485	482
485	484
486	485
489	482
489	485
491	481
491	487
492	478
493	480
493	484
493	492
494	482
494	486
495	482
496	91
496	484
496	495
497	485
497	492
498	478
498	485
499	214
499	496
501	500
504	502
504	503
512	511
513	511
519	515
520	516
520	517
520	518
520	519
522	116
522	521
523	504
524	523
525	523
527	526
528	524
529	528
530	525
530	528
531	530
532	523
532	526
533	532
534	511
536	535
537	536
538	511
538	534
539	506
539	507
540	539
541	539
542	539
543	539
544	539
545	509
545	543
545	544
546	506
546	507
548	505
548	532
548	547
549	501
549	548
550	511
550	534
550	542
551	505
551	511
551	538
551	548
551	550
552	548
553	546
554	546
555	547
555	552
555	553
555	554
556	504
556	532
557	536
558	546
558	557
559	535
559	546
561	510
561	543
561	544
561	560
562	558
563	556
563	557
563	562
564	504
564	532
565	506
565	508
565	543
566	507
566	508
566	544
568	532
568	548
568	567
569	540
569	541
570	501
570	522
570	533
570	569
571	509
572	509
573	501
573	532
574	535
578	577
582	576
583	582
584	582
585	581
585	584
587	586
590	589
591	589
593	592
594	578
594	589
595	594
596	594
597	588
597	592
598	597
599	597
600	597
601	597
602	597
604	603
605	604
606	604
609	608
610	578
610	607
610	609
611	609
612	582
613	612
614	585
614	613
616	615
618	587
618	617
619	614
620	597
622	621
624	587
624	623
625	576
626	581
626	619
628	594
628	627
630	592
630	629
632	631
634	632
634	633
636	614
636	635
639	616
639	632
639	638
640	576
640	612
641	640
644	643
645	582
646	645
648	636
648	644
648	647
650	649
652	584
653	622
653	639
653	651
653	652
655	624
655	654
657	575
657	597
657	604
657	609
658	605
658	628
658	642
658	656
658	657
659	575
660	575
662	609
662	661
664	579
664	663
666	605
666	665
667	584
668	618
668	624
668	632
668	667
669	587
669	655
671	637
672	584
672	671
673	672
674	672
676	614
676	675
679	587
679	678
680	584
680	652
680	667
681	639
681	679
681	680
682	680
683	680
685	639
685	653
685	681
685	684
687	644
687	681
687	686
689	632
689	655
689	688
691	604
691	662
691	690
692	589
692	666
693	680
694	692
695	694
696	630
696	657
697	696
699	698
700	612
702	579
702	675
702	681
702	700
702	701
703	587
704	645
704	670
705	594
707	706
708	624
708	681
709	637
709	706
710	709
712	658
712	711
713	637
713	671
713	704
714	713
716	715
718	632
718	668
718	717
720	580
720	677
720	716
720	719
722	610
722	712
722	721
723	722
725	580
725	616
725	634
725	639
725	650
725	653
725	677
725	720
725	724
726	652
726	667
726	680
726	692
726	694
726	725
727	720
728	637
728	698
729	728
730	575
732	689
732	731
734	702
734	733
736	622
736	734
736	735
738	658
738	692
738	737
740	739
743	742
744	741
744	743
745	743
746	744
748	740
749	739
750	740
750	748
751	748
752	749
753	750
757	740
757	750
757	755
757	756
758	757
759	742
760	743
760	759
762	742
762	759
762	761
763	739
764	754
766	765
771	767
771	770
772	768
772	769
772	771
773	771
774	764
775	748
776	750
777	743
777	763
778	759
778	762
779	742
780	747
780	762
781	774
781	780
783	754
783	780
784	780
785	770
786	771
786	776
786	785
787	756
789	762
789	779
789	780
789	788
791	757
791	783
791	787
793	792
794	793
795	779
796	795
797	770
799	780
799	798
800	783
801	800
802	744
803	754
803	766
803	780
803	782
803	787
803	791
804	743
804	794
804	795
805	748
805	749
807	803
807	806
808	795
809	808
811	793
811	810
812	758
813	758
814	760
814	763
814	778
815	740
815	744
815	763
816	815
817	774
818	817
819	818
820	764
820	819
821	803
822	809
822	811
823	758
823	772
824	758
824	772
826	825
828	521
828	827
829	826
832	521
832	831
834	829
834	833
836	829
836	835
837	828
839	838
840	839
842	841
844	825
845	827
846	844
847	846
848	847
853	837
853	838
853	852
854	833
854	850
854	851
855	831
855	849
855	854
856	855
858	827
859	854
860	846
860	855
860	859
861	843
861	854
862	833
862	843
863	843
863	854
864	854
864	859
865	844
865	852
866	833
867	831
868	831
869	831
870	846
871	837
872	837
873	852
874	833
876	875
877	827
877	845
878	875
879	848
880	846
881	859
881	875
882	857
883	859
883	864
883	882
884	846
884	883
885	858
885	871
885	874
886	848
887	848
888	848
889	848
891	833
891	854
891	881
892	835
892	878
893	857
893	875
894	846
894	876
894	893
895	831
895	869
895	876
896	835
896	892
896	895
897	874
897	895
898	850
899	869
900	846
900	852
900	880
901	874
902	852
902	857
902	890
903	831
903	845
904	831
905	831
906	831
907	849
908	849
909	849
910	831
911	847
912	846
917	912
917	913
917	914
918	912
918	915
918	916
919	831
920	831
921	864
926	921
926	922
926	923
927	921
927	924
927	925
928	871
928	878
928	885
928	901
928	902
929	872
929	878
929	890
929	902
929	928
930	873
930	878
930	899
931	882
931	902
932	831
935	934
936	934
938	937
940	939
941	936
942	941
944	943
945	944
946	942
947	946
949	948
950	948
951	949
951	950
953	952
954	937
956	939
957	956
959	942
959	958
961	939
962	949
964	948
965	960
966	965
968	967
969	934
969	935
970	950
971	951
971	970
973	954
973	965
973	972
975	952
978	951
979	68
980	979
982	981
983	953
983	955
984	939
985	984
987	960
988	987
989	80
989	987
991	963
992	977
993	958
993	962
993	992
994	941
994	990
995	944
995	969
996	970
997	184
997	966
997	989
998	992
999	994
1000	951
1001	996
1002	1001
1003	943
1005	943
1005	978
1005	1002
1006	945
1006	959
1006	968
1006	997
1006	1005
1007	1005
1008	1005
1009	1005
1010	937
1010	975
1010	986
1011	953
1011	991
1011	1010
1012	986
1013	963
1013	1012
1014	933
1014	941
1014	1005
1015	956
1015	981
1016	940
1016	1015
1017	1016
1019	1018
1021	965
1021	969
1021	973
1021	1004
1021	1020
1022	1018
1023	952
1023	974
1024	952
1024	974
1025	964
1026	967
1026	971
1026	1000
1026	1005
1026	1025
1027	1026
1028	943
1028	944
1028	995
1028	1004
1030	69
1030	105
1030	953
1030	963
1030	1029
1031	974
1031	1019
1032	1031
1033	1030
1034	950
1034	976
1034	998
1035	1034
1036	940
1036	979
1037	971
1037	1005
1038	1030
1039	1030
1040	1030
1042	1041
1043	949
1043	1026
1044	986
1044	1012
1044	1041
1045	1003
1045	1026
1046	1019
1046	1022
1046	1031
1047	948
1047	977
1047	992
1048	948
1048	976
1049	958
1049	993
1049	1005
1049	1035
1050	937
1050	954
1050	956
1050	984
1050	1019
1050	1022
1050	1023
1050	1024
1051	940
1051	1050
1052	69
1052	953
1052	1032
1052	1050
1053	933
1054	975
1054	991
1055	105
1055	961
1055	981
1056	952
1056	1010
1056	1041
1057	968
1057	997
1057	1006
1058	945
1058	1052
1059	1022
1059	1023
1059	1024
1059	1046
1061	1060
1062	1060
1065	1063
1068	1067
1070	1069
1073	1072
1076	1074
1076	1075
1079	1078
1086	1085
1087	1085
1088	1086
1088	1087
1090	1087
1091	1065
1091	1086
1091	1088
1091	1090
1092	1091
1094	1093
1095	1093
1097	1086
1097	1096
1098	1084
1099	1098
1101	1100
1103	1102
1106	1105
1107	1106
1108	1090
1111	1110
1116	1113
1119	317
1119	1065
1119	1118
1122	1121
1124	811
1124	822
1125	427
1127	1126
1128	1126
1135	1132
1136	1106
1137	1107
1137	1136
1138	1136
1139	1136
1142	1141
1143	1103
1143	1106
1145	1105
1148	1146
1148	1147
1150	1149
1154	1081
1156	1155
1159	1074
1159	1158
1160	1063
1161	1156
1163	1122
1163	1162
1165	1090
1166	1091
1166	1147
1166	1159
1166	1165
1167	1148
1167	1166
1168	1166
1170	1152
1170	1159
1170	1169
1171	1170
1175	1170
1176	1064
1176	1119
1177	1094
1178	285
1178	1177
1179	1105
1180	1106
1183	488
1184	1174
1187	1129
1189	1117
1189	1188
1190	1182
1191	1072
1191	1190
1192	1073
1192	1191
1193	1098
1195	1194
1196	1069
1197	1069
1197	1154
1197	1196
1200	1199
1201	488
1201	1170
1201	1175
1203	1202
1204	1202
1207	1147
1207	1206
1208	1072
1210	1109
1211	1210
1213	1212
1214	793
1216	411
1216	1215
1217	1075
1220	1087
1221	1156
1222	1144
1223	1087
1224	1077
1224	1082
1224	1084
1225	1224
1226	1102
1226	1129
1227	812
1228	813
1230	744
1230	800
1231	1227
1231	1228
1231	1230
1234	1189
1234	1233
1236	1235
1237	1236
1239	1232
1239	1238
1240	1108
1241	1162
1242	1133
1243	1123
1243	1131
1244	1078
1244	1167
1246	1191
1246	1232
1247	1218
1248	412
1249	1106
1251	1220
1253	1204
1253	1252
1254	1222
1254	1229
1256	1249
1257	800
1258	1257
1260	1156
1260	1161
1260	1259
1262	1224
1263	1261
1265	1177
1267	1107
1267	1243
1267	1244
1267	1266
1269	1070
1269	1268
1271	1270
1273	1272
1274	1272
1275	1122
1275	1150
1276	1100
1277	1101
1277	1276
1278	1276
1279	1278
1280	1072
1281	1280
1283	1150
1283	1282
1285	1096
1289	1250
1289	1287
1289	1288
1290	1205
1291	1242
1292	1221
1292	1257
1294	1293
1295	1083
1297	435
1297	1252
1297	1296
1299	1163
1299	1298
1300	1069
1300	1286
1301	1140
1301	1300
1302	1298
1304	1253
1304	1294
1304	1303
1306	1078
1306	1244
1306	1294
1306	1305
1307	1275
1308	1131
1308	1243
1308	1307
1309	1170
1309	1201
1309	1209
1309	1279
1310	1309
1311	1089
1312	1311
1313	1073
1313	1078
1313	1123
1313	1267
1313	1281
1314	1072
1315	1314
1316	1309
1317	1106
1319	1318
1322	1159
1323	1106
1323	1133
1324	1323
1326	1157
1326	1225
1326	1256
1326	1325
1327	1326
1328	1326
1329	1239
1329	1299
1330	1131
1330	1192
1330	1329
1331	1063
1332	1140
1332	1319
1334	1080
1334	1099
1334	1237
1334	1333
1335	1151
1337	1336
1338	1102
1338	1323
1340	1148
1340	1178
1340	1339
1341	1339
1343	1097
1343	1252
1343	1342
1345	1140
1345	1332
1345	1344
1346	1213
1346	1333
1348	1199
1349	1198
1349	1252
1349	1348
1350	1296
1351	1085
1352	1276
1353	1091
1353	1128
1353	1257
1353	1289
1354	1353
1355	1241
1356	1151
1356	1335
1357	1152
1357	1356
1359	1206
1361	1140
1361	1273
1361	1360
1362	1361
1363	1360
1364	1203
1364	1342
1364	1350
1365	1107
1365	1244
1365	1324
1367	1085
1369	1334
1369	1368
1371	1070
1371	1362
1371	1370
1373	1269
1373	1313
1373	1365
1373	1372
1374	1323
1374	1372
1376	1375
1377	1283
1379	1097
1379	1353
1379	1378
1382	1377
1382	1381
1383	1243
1383	1382
1384	1247
1385	1218
1386	1095
1387	1177
1387	1386
1388	1367
1389	1251
1391	1334
1391	1390
1396	1334
1396	1395
1397	1381
1397	1393
1398	1182
1398	1302
1399	1388
1400	1367
1400	1378
1400	1399
1401	1088
1401	1128
1401	1400
1402	804
1402	1230
1402	1257
1403	1169
1403	1171
1403	1371
1404	1393
1405	1153
1406	1317
1406	1377
1406	1405
1407	1191
1407	1219
1409	1290
1410	1268
1412	1321
1412	1411
1413	1166
1413	1391
1416	1134
1416	1159
1416	1195
1416	1322
1416	1414
1416	1415
1417	1219
1418	1067
1419	1068
1419	1410
1419	1418
1420	1085
1420	1251
1422	1102
1422	1376
1422	1406
1422	1421
1423	1243
1423	1422
1424	422
1424	1326
1425	1217
1425	1390
1426	1296
1426	1348
1426	1392
1427	1342
1429	1091
1429	1119
1429	1428
1431	1430
1432	1224
1432	1263
1432	1430
1433	1306
1433	1327
1433	1431
1434	1143
1435	1164
1435	1278
1435	1352
1436	1117
1436	1309
1436	1435
1438	1166
1438	1334
1439	1390
1440	1320
1440	1439
1441	1208
1442	1103
1442	1185
1442	1441
1443	1313
1443	1442
1444	1061
1444	1062
1444	1361
1445	1371
1445	1444
1446	1083
1446	1089
1446	1095
1446	1311
1447	1094
1447	1312
1447	1347
1447	1446
1448	1341
1449	1205
1449	1348
1449	1427
1450	1218
1450	1274
1450	1361
1451	1135
1451	1372
1451	1374
1452	1148
1452	1195
1453	1116
1453	1419
1454	1116
1454	1419
1455	1418
1456	1453
1456	1455
1457	1454
1457	1455
1458	1140
1458	1319
1459	1078
1459	1111
1459	1123
1459	1267
1459	1327
1460	1104
1461	1117
1461	1234
1461	1347
1461	1448
1461	1460
1462	1339
1462	1436
1463	1117
1463	1279
1463	1462
1466	1276
1466	1352
1466	1464
1466	1465
1467	1175
1467	1183
1467	1209
1467	1316
1468	1173
1469	1072
1469	1187
1470	1409
1471	1109
1471	1363
1472	1268
1472	1451
1473	1151
1474	1142
1474	1284
1475	1474
1476	1125
1476	1308
1476	1383
1478	1085
1478	1229
1478	1389
1478	1477
1480	1479
1481	564
1482	564
1483	1239
1483	1329
1484	1152
1484	1170
1484	1173
1484	1468
1485	1403
1485	1484
1486	1140
1486	1170
1486	1173
1487	1173
1487	1361
1488	1092
1488	1204
1488	1231
1488	1258
1489	1151
1489	1276
1489	1278
1489	1356
1490	1098
1490	1366
1491	1145
1493	1132
1493	1492
1495	1109
1495	1370
1496	1090
1496	1108
1497	1069
1497	1472
1498	1069
1498	1410
1499	1116
1500	1365
1500	1499
1501	1161
1501	1250
1502	1334
1502	1380
1503	1083
1504	1091
1504	1176
1505	1158
1505	1245
1505	1321
1505	1412
1506	1074
1506	1159
1506	1334
1506	1380
1507	1244
1507	1506
1508	1342
1510	1082
1510	1509
1512	1198
1512	1216
1512	1506
1513	1512
1514	1506
1515	1334
1515	1394
1516	1366
1516	1439
1517	1162
1518	1174
1518	1517
1521	1195
1521	1519
1521	1520
1522	1321
1522	1415
1523	1280
1523	1494
1524	1223
1524	1229
1525	1091
1525	1166
1525	1524
1526	1284
1526	1439
1527	1320
1528	1193
1529	1528
1530	1100
1530	1151
1530	1356
1530	1473
1531	1134
1531	1170
1531	1173
1531	1487
1531	1530
1532	1238
1532	1298
1533	1530
1534	1135
1535	1286
1535	1419
1535	1480
1536	1210
1536	1530
1537	1442
1537	1494
1538	1371
1539	1371
1540	1310
1540	1340
1540	1403
1541	1167
1541	1403
1541	1452
1541	1507
1542	1060
1543	1115
1547	1544
1548	1442
1548	1547
1552	1116
1552	1369
1553	1071
1553	1546
1554	1072
1556	1089
1556	1104
1558	1335
1558	1356
1559	1080
1559	1529
1560	1081
1561	1555
1562	1298
1562	1355
1565	1492
1566	1069
1567	1566
1568	1566
1569	1272
1569	1564
1570	1255
1573	1102
1574	1573
1575	1545
1576	1124
1577	1235
1579	1112
1579	1326
1580	1326
1581	1112
1582	1581
1584	1117
1586	1272
1588	1520
1588	1587
1593	1378
1593	1576
1594	1224
1594	1511
1595	1547
1598	1455
1598	1597
1599	1584
1599	1589
1601	1600
1603	1115
1605	1132
1609	1133
1610	1134
1611	1543
1613	1612
1615	1071
1618	1570
1619	1140
1620	1140
1620	1617
1621	1491
1622	1143
1622	1550
1622	1591
1623	1622
1624	1087
1624	1367
1625	1063
1626	1272
1627	1612
1629	1296
1629	1348
1630	1090
1631	1333
1631	1577
1632	1389
1632	1524
1634	1271
1634	1331
1638	1547
1641	1162
1644	1542
1645	1578
1645	1606
1646	1166
1647	1224
1648	1604
1649	1173
1653	1554
1654	1614
1657	1579
1659	1615
1662	1623
1662	1661
1663	1337
1663	1628
1664	1627
1666	1105
1667	1635
1667	1666
1670	1554
1670	1669
1674	1607
1677	1098
1677	1333
1677	1676
1678	1194
1678	1245
1679	1209
1679	1589
1684	1158
1684	1284
1685	1572
1685	1575
1685	1670
1686	1598
1686	1603
1687	1218
1687	1673
1688	1687
1689	1219
1689	1563
1689	1642
1691	1583
1691	1690
1692	1622
1694	1528
1695	1528
1696	1149
1699	1605
1699	1643
1700	1617
1700	1620
1701	1282
1701	1592
1702	1586
1703	1635
1705	1206
1706	1675
1708	1547
1709	1226
1710	1492
1712	1557
1713	1098
1714	1689
1716	1590
1717	1104
1719	1359
1720	1554
1721	1585
1722	1662
1722	1721
1723	1235
1724	1704
1725	1242
1725	1609
1726	1242
1727	1224
1728	1082
1728	1571
1729	1630
1730	1153
1731	1098
1731	1694
1733	1547
1734	1680
1735	1181
1735	1358
1736	1157
1736	1513
1738	1636
1738	1637
1738	1737
1739	1714
1740	1554
1740	1572
1742	1653
1743	1741
1743	1742
1744	1547
1745	1565
1745	1585
1746	1224
1748	1468
1748	1747
1749	1157
1750	1082
1751	1644
1752	1649
1752	1654
1753	1104
1754	1669
1755	1726
1756	1755
1758	1734
1759	1652
1760	1491
1760	1611
1761	1346
1762	1255
1762	1528
1763	1256
1764	1582
1765	1358
1766	1640
1767	1219
1767	1766
1770	1158
1770	1212
1771	1658
1773	1604
1773	1607
1774	1155
1774	1214
1775	1360
1776	1268
1776	1698
1776	1699
1777	1165
1778	1683
1778	1727
1779	1551
1780	1703
1781	1560
1781	1612
1782	1549
1782	1758
1782	1759
1783	1437
1784	422
1785	1739
1786	1280
1786	1658
1786	1685
1787	1563
1788	1650
1789	1671
1790	1653
1790	1754
1793	1741
1793	1791
1793	1792
1794	1208
1794	1441
1795	1651
1795	1708
1795	1724
1796	1794
1796	1795
1797	1651
1797	1709
1798	1255
1798	1408
1799	1224
1799	1264
1800	1286
1800	1674
1801	1288
1802	1734
1803	1291
1803	1680
1804	1640
1804	1642
1805	1298
1805	1299
1807	1300
1807	1648
1807	1800
1808	1668
1809	1063
1809	1628
1810	1106
1810	1237
1811	1438
1811	1440
1812	1307
1813	1633
1814	1309
1816	1315
1816	1672
1816	1789
1817	1316
1818	1506
1818	1515
1819	1317
1819	1561
1820	1605
1820	1661
1821	1326
1822	1325
1822	1749
1823	1604
1824	1636
1825	1118
1825	1120
1826	1659
1826	1696
1827	1660
1828	1418
1829	1707
1830	1130
1830	1710
1831	1338
1832	1544
1833	1754
1833	1769
1834	1616
1834	1682
1835	1284
1837	1114
1838	1601
1838	1831
1839	1554
1839	1808
1840	1768
1840	1839
1841	1555
1841	1703
1842	1347
1843	1713
1844	1415
1844	1522
1845	1190
1846	1557
1847	1613
1847	1757
1847	1806
1848	1633
1848	1779
1849	1719
1849	1777
1850	1661
1851	1812
1852	1066
1852	1400
1853	1165
1853	1705
1854	1590
1855	1584
1856	1584
1857	1563
1857	1689
1858	1693
1859	1353
1860	1342
1861	1690
1862	1665
1863	1127
1864	1361
1864	1646
1865	1164
1865	1753
1866	1206
1867	1359
1867	1587
1869	1692
1869	1776
1870	1709
1870	1744
1872	1871
1873	1871
1874	1142
1874	1415
1875	1681
1876	1508
1877	1106
1877	1499
1878	1685
1878	1772
1879	1652
1880	1763
1881	1325
1881	1571
1882	1619
1882	1757
1883	1654
1883	1846
1884	1439
1885	1749
1886	1776
1888	1546
1889	1716
1889	1854
1890	1554
1890	1668
1891	1199
1891	1511
1892	1200
1892	1660
1893	1380
1895	1384
1895	1385
1895	1894
1896	1711
1896	1787
1897	1655
1897	1656
1897	1673
1897	1687
1898	1760
1899	1771
1900	1783
1901	1066
1901	1900
1902	1235
1902	1618
1903	1368
1904	1712
1904	1747
1905	1075
1905	1158
1906	1676
1907	1693
1907	1786
1908	1466
1909	1644
1909	1757
1910	1785
1911	1639
1912	1219
1912	1314
1913	1248
1913	1730
1914	1098
1914	1824
1915	1665
1915	1685
1916	1647
1917	1868
1917	1893
1918	1583
1918	1691
1919	1363
1919	1495
1920	1416
1920	1814
1921	1417
1921	1711
1921	1716
1922	1600
1923	1419
1923	1821
1924	1424
1924	1885
1925	1516
1926	1526
1928	1272
1928	1586
1929	1360
1929	1682
1930	1434
1930	1591
1930	1638
1930	1721
1930	1832
1931	1550
1932	1114
1933	1863
1934	1289
1934	1933
1935	1437
1935	1933
1936	1894
1937	1936
1938	1542
1938	1929
1940	1926
1940	1939
1941	1906
1942	1081
1942	1130
1944	1932
1944	1933
1945	1725
1946	1575
1947	1780
1948	1105
1948	1621
1949	1186
1949	1524
1950	1360
1950	1564
1950	1775
1950	1897
1951	1584
1951	1855
1951	1856
1952	1458
1952	1836
1953	1463
1954	1468
1954	1614
1954	1649
1954	1883
1955	1145
1955	1718
1956	1120
1956	1160
1957	1554
1958	1899
1959	1090
1959	1788
1960	1596
1960	1899
1961	1715
1962	1776
1963	1419
1963	1962
1964	1633
1964	1823
1964	1962
1966	1965
1967	1695
1969	1067
1969	1115
1970	1608
1970	1969
1971	1155
1972	1601
1974	1430
1975	1368
1975	1723
1976	1704
1976	1795
1977	1726
1977	1927
1978	1910
1979	1523
1979	1978
1980	1408
1980	1510
1981	1843
1982	1698
1983	1408
1983	1968
1984	1491
1985	1578
1986	1492
1986	1982
1987	1442
1987	1580
1988	1494
1989	1206
1990	1903
1991	1971
1992	1257
1992	1859
1993	1551
1993	1879
1994	1291
1994	1499
1994	1993
1995	1242
1995	1499
1995	1993
1996	1801
1997	1337
1997	1729
1998	1608
1999	1502
1999	1761
1999	1868
1999	1917
1999	1943
2000	1584
2000	1589
2000	1855
2001	1602
2001	1802
2002	1060
2002	1616
2003	1626
2003	1702
2003	1928
2004	1625
2006	1828
2007	1356
2007	1706
2008	1747
2009	1973
2010	1496
2010	1973
2010	2005
2011	1782
2011	1813
2012	1584
2012	1599
2012	1951
2013	1671
2014	1623
2015	1165
2015	1650
2016	1333
2016	1425
2017	1090
2017	1351
2018	2017
2019	1511
2019	1707
2019	1965
2020	1512
2020	1827
2020	2019
2021	1124
2021	1378
2022	1513
2023	1815
2023	1858
2025	1741
2025	1793
2025	2024
2026	1990
2026	1999
2027	1516
2027	1940
2028	1071
2029	1961
2029	1962
2030	1893
2030	1943
2031	1523
2031	1697
2031	1815
2032	1769
2033	1946
2033	2032
2034	1829
2034	1965
2035	1060
2035	1644
2036	1311
2037	1206
2037	1681
2038	1596
2038	1653
2038	1958
2039	1653
2039	1862
2040	1545
2040	2039
2041	1786
2041	2032
2042	1474
2042	1765
2043	1605
2043	1820
2044	1359
2045	2044
2046	1827
2046	2020
2047	1885
2047	2020
2047	2046
2048	1592
2049	1837
2049	1996
2050	1186
2050	1478
2051	1734
2051	1977
2052	1733
2052	1772
2053	1573
2056	1953
2059	2057
2060	1307
2060	2028
2060	2057
2061	1104
2062	1100
2062	1908
2063	1147
2064	1147
2065	1609
2067	1643
2067	1662
2067	1871
2068	1649
2069	1066
2069	1428
2070	1842
2071	1095
2072	1460
2073	2072
2074	1460
2075	1186
2075	2004
2076	1210
2076	1530
2077	1446
2078	1985
2078	2038
2079	1842
2080	1725
2080	1755
2080	1927
2081	1460
2081	2055
2083	2082
2084	2056
2084	2083
2085	2082
2085	2084
2086	1205
2086	1478
2087	1583
2087	1756
2088	1760
2088	1898
2089	1945
2089	2054
2091	1095
2092	1160
2092	1639
2094	2083
2095	1460
2095	2079
2096	1093
2096	1386
2097	1323
2097	1600
2097	1690
2097	2065
2098	1323
2098	1600
2098	1861
2098	1945
2099	1574
2099	1623
2099	1838
2100	1709
2101	2070
2101	2073
2101	2074
2104	1378
2105	1460
2106	1869
2106	2058
2107	2055
2107	2061
2107	2094
2107	2105
2108	1460
2108	2073
2109	1096
2109	2104
2110	1549
2111	1715
2112	1470
2113	1410
2113	1732
2113	2110
2114	1945
2114	2001
2115	1574
2115	1623
2116	1933
2117	1732
2117	1961
2118	1451
2118	1850
2119	1451
2119	1850
2119	1922
2119	2054
2120	1278
2120	1356
2120	1489
2121	1104
2122	1842
2122	2101
2123	1460
2124	1461
2124	2063
2125	1461
2125	2064
2126	1528
2126	1968
2127	2014
2127	2102
2128	1472
2128	1873
2129	1472
2129	1872
2129	2089
2130	1602
2130	1732
2131	1473
2133	1972
2134	2090
2134	2123
2135	1093
2135	2096
2136	1717
2137	1953
2137	2082
2137	2121
2138	1309
2138	1467
2138	1489
2139	1101
2139	1309
2139	1357
2139	1489
2140	1953
2140	2066
2140	2137
2141	1285
2141	1876
2142	1554
2142	2093
2143	1953
2143	2085
2144	1460
2144	2090
2145	1887
2145	2103
2145	2131
2145	2132
2146	2102
2146	2133
2147	2146
2148	1609
2148	1945
2149	1817
2150	1589
2150	1817
2150	2149
2151	1602
2151	1922
2151	2054
2151	2114
2151	2118
2153	2128
2153	2130
2154	2106
2154	2133
2155	1831
2155	2102
2156	1321
2156	1844
2156	2136
2157	1484
2157	1614
2157	1752
2157	1887
2157	2103
2158	1298
2158	1532
2158	1562
2159	1095
2159	1386
2161	1985
2161	2160
2162	1742
2162	2152
2162	2160
2163	1664
2163	1807
2163	2111
2164	1181
2164	2112
2165	2071
2166	2071
2167	1687
2167	1702
2169	2159
2170	2159
2173	1471
2173	1530
2175	1978
2175	2031
2175	2174
2176	1100
2176	1536
2177	1928
2178	2177
2179	1100
2179	1489
2180	1172
2180	1345
2181	2180
2182	1268
2183	1747
2183	2178
2184	1164
2184	1435
2185	1309
2186	1953
2186	2066
2187	1953
2187	2066
2188	1468
2188	1471
2189	1164
2189	1352
2190	2091
2190	2096
2190	2168
2191	1311
2191	2077
2192	1311
2192	2171
2192	2172
2192	2191
2193	1413
2193	1527
2194	1224
2194	1713
2195	1117
2195	1447
2196	1930
2196	2053
2197	2182
2198	2185
2200	2199
2201	2200
2202	1506
2203	1277
2203	2201
2204	2199
2204	2202
2207	802
2210	2205
2211	2205
2212	2210
2212	2211
2213	395
2213	2207
2213	2212
2222	2221
2223	393
2223	2221
2223	2222
2224	2222
2228	2226
2229	2220
2229	2222
2229	2223
2230	2227
2231	396
2232	2221
2234	2228
2235	2223
2238	2236
2238	2237
2242	2241
2244	2208
2244	2219
2249	2242
2249	2248
2250	2248
2251	2249
2252	2249
2253	2249
2256	2247
2261	2221
2262	2235
2262	2258
2262	2259
2262	2260
2263	2230
2268	2267
2269	2267
2270	2267
2271	2268
2272	2266
2275	2273
2275	2274
2277	2276
2281	2254
2282	389
2282	2212
2282	2257
2282	2264
2282	2281
2283	396
2283	420
2283	2282
2284	2280
2284	2282
2284	2283
2285	2239
2286	2264
2286	2285
2288	2217
2290	2276
2291	2238
2292	2255
2292	2290
2295	2221
2298	2235
2298	2262
2298	2296
2298	2297
2300	2299
2302	2282
2303	2256
2304	790
2304	2282
2305	2233
2306	2263
2306	2265
2307	386
2308	2246
2309	2235
2310	2242
2310	2305
2311	2253
2312	520
2312	2235
2313	2239
2314	2225
2315	2245
2315	2291
2316	2288
2317	2231
2317	2316
2320	2278
2321	2222
2321	2224
2321	2314
2321	2319
2321	2320
2322	2321
2323	2321
2324	2321
2325	2240
2325	2243
2327	2255
2327	2318
2328	2235
2328	2327
2329	2326
2329	2327
2329	2328
2330	2307
2331	2285
2332	2219
2332	2244
2332	2294
2332	2318
2333	2267
2334	2272
2334	2287
2335	2243
2336	2281
2338	2336
2341	2289
2343	2298
2344	69
2344	2343
2345	2217
2346	2218
2346	2311
2346	2345
2347	2218
2347	2231
2348	2293
2348	2303
2349	2335
2350	2224
2350	2349
2351	840
2352	2327
2354	2302
2354	2304
2355	2242
2357	2215
2357	2231
2357	2263
2357	2337
2358	2325
2359	2227
2359	2314
2360	2234
2361	2233
2361	2279
2362	2360
2363	2340
2363	2342
2363	2362
2364	2262
2364	2312
2364	2351
2364	2363
2365	2363
2366	2240
2366	2319
2367	2293
2367	2336
2368	2238
2368	2290
2369	2235
2369	2298
2369	2368
2370	2216
2370	2249
2370	2317
2371	2278
2371	2335
2371	2358
2372	2274
2372	2282
2372	2301
2372	2354
2373	2219
2373	2332
2374	2336
2375	2282
2375	2374
2376	2221
2376	2356
2377	2290
2377	2368
2378	2374
2379	2254
2379	2378
2380	2327
2381	2267
2381	2333
2382	2206
2382	2268
2382	2289
2382	2294
2382	2341
2382	2353
2382	2381
2383	2223
2383	2235
2383	2309
2383	2328
2383	2382
2384	2382
2385	2382
2386	2247
2386	2378
2387	2216
2387	2287
2387	2355
2388	2246
2388	2308
2388	2309
2388	2339
2388	2352
2388	2353
2388	2380
2389	2276
2389	2332
2389	2368
2390	2208
2392	2285
2392	2331
2393	395
2393	2321
2393	2392
2394	2391
2394	2392
2394	2393
2395	2382
2395	2390
2396	2214
2396	2238
2397	2219
2397	2373
2398	2382
2398	2397
2399	2397
2400	2397
2401	2340
2402	2221
2402	2356
2403	2221
2403	2376
2404	2225
2404	2337
2405	2221
2405	2232
2405	2295
2405	2330
2405	2392
2406	2325
2406	2349
2407	2257
2407	2274
2407	2299
2407	2300
2408	2303
2408	2386
2409	2233
2410	2409
2411	2215
2411	2355
2412	2209
2412	2249
2413	752
2414	753
2414	2266
2414	2279
2414	2413
2415	2308
2416	2268
2416	2415
2417	777
2417	790
2418	2222
2418	2384
2418	2385
2419	2339
2419	2382
2420	2246
2420	2327
2421	2245
2422	2421
2425	2424
2426	490
2432	2431
2436	2434
2439	2437
2439	2438
2443	2441
2443	2442
2447	1184
2449	2439
2451	2450
2454	2453
2457	2447
2458	2456
2458	2457
2459	2425
2459	2458
2461	2460
2463	2462
2471	2434
2471	2470
2475	2474
2476	2473
2476	2474
2477	2473
2477	2474
2480	2479
2481	2479
2482	2480
2483	2474
2485	2426
2486	2464
2487	2458
2489	2428
2489	2488
2490	2435
2493	2472
2493	2492
2495	2490
2496	2485
2498	2490
2502	2446
2502	2501
2503	2475
2503	2502
2505	2484
2508	2507
2510	2509
2511	2509
2513	2498
2515	2514
2517	2516
2518	2516
2519	2425
2519	2475
2519	2508
2519	2516
2521	2443
2521	2489
2522	2505
2524	2434
2525	2458
2527	2468
2528	2486
2529	2439
2530	2500
2531	2530
2533	2520
2534	2533
2536	2535
2538	2499
2539	2538
2542	490
2542	2533
2543	490
2543	2464
2543	2486
2543	2528
2544	2499
2544	2538
2545	2429
2545	2448
2548	490
2548	2485
2548	2537
2548	2546
2548	2547
2549	2528
2549	2539
2550	2538
2551	2452
2551	2538
2551	2549
2551	2550
2552	2474
2552	2502
2554	2529
2554	2538
2554	2545
2555	2479
2557	1131
2557	2532
2558	2459
2558	2475
2558	2519
2558	2557
2559	2446
2559	2474
2559	2483
2559	2521
2560	2454
2561	2452
2561	2468
2561	2485
2561	2494
2561	2527
2561	2550
2562	57
2562	81
2562	133
2564	2534
2567	2566
2575	2554
2575	2574
2576	2450
2576	2488
2578	2433
2579	2500
2579	2530
2580	2579
2581	2575
2583	2489
2583	2541
2583	2582
2586	2428
2586	2436
2586	2454
2586	2461
2586	2489
2586	2524
2586	2578
2586	2585
2588	2434
2588	2472
2588	2493
2588	2577
2588	2587
2590	2432
2590	2461
2591	2459
2591	2475
2591	2480
2592	2545
2592	2575
2593	2458
2593	2459
2593	2567
2593	2569
2593	2572
2594	1308
2595	2430
2595	2497
2595	2514
2595	2515
2595	2520
2595	2533
2596	2439
2596	2469
2596	2554
2596	2584
2597	2448
2597	2575
2599	2459
2599	2519
2599	2598
2600	2527
2601	2522
2601	2575
2602	2519
2604	2445
2604	2504
2604	2560
2604	2586
2605	2594
2606	2528
2606	2539
2606	2605
2607	2606
2608	2554
2608	2584
2608	2603
2608	2607
2609	2504
2609	2604
2611	2503
2611	2523
2611	2607
2612	2528
2612	2532
2612	2606
2612	2611
2613	2508
2614	2522
2616	2443
2616	2509
2616	2615
2617	2429
2617	2456
2617	2458
2617	2487
2617	2522
2617	2525
2617	2614
2618	2605
2618	2606
2619	2434
2620	2563
2621	2556
2622	2506
2623	2434
2623	2608
2624	2434
2624	2608
2627	2443
2627	2493
2627	2509
2627	2559
2627	2625
2627	2626
2629	2536
2631	2439
2632	2487
2633	2439
2634	2631
2636	2531
2637	2545
2637	2617
2638	2435
2638	2622
2638	2635
2639	2439
2639	2469
2640	2610
2641	2521
2641	2577
2642	2474
2643	2492
2643	2501
2644	2643
2645	2473
2645	2501
2646	2492
2647	2645
2648	2644
2648	2645
2648	2646
2649	2647
2649	2648
2651	2608
2654	2463
2654	2607
2655	2426
2656	2428
2658	2564
2659	2534
2661	2433
2662	2434
2666	2569
2667	2658
2668	2434
2668	2662
2668	2663
2669	2656
2670	2435
2672	2436
2673	2672
2674	2585
2674	2672
2677	2458
2677	2565
2677	2676
2680	490
2680	2679
2681	2444
2682	2439
2683	2439
2684	2662
2685	2444
2685	2445
2686	2685
2687	2449
2691	2690
2692	2574
2693	2657
2694	2452
2697	2454
2698	2434
2699	2698
2701	2434
2701	2536
2702	2434
2702	2622
2703	2458
2703	2696
2704	2593
2705	2662
2707	2444
2708	2445
2709	2455
2709	2456
2709	2700
2710	2585
2710	2674
2712	2464
2713	2464
2714	2678
2716	2465
2717	2450
2717	2465
2717	2466
2717	2467
2717	2585
2718	2468
2719	2450
2719	2717
2720	2585
2720	2717
2721	2553
2722	2585
2723	2469
2723	2721
2725	2531
2726	2531
2726	2725
2728	2542
2729	2427
2729	2498
2730	2427
2730	2490
2731	2729
2732	2730
2733	2575
2733	2607
2736	2484
2737	2736
2738	2734
2738	2736
2738	2737
2740	2655
2740	2739
2741	2485
2741	2739
2742	2741
2743	2485
2743	2486
2744	2743
2745	2703
2755	2724
2756	2724
2757	2722
2758	2687
2759	2491
2759	2659
2760	2494
2760	2652
2760	2740
2761	2495
2762	2495
2763	2495
2764	2485
2765	2533
2765	2542
2765	2764
2766	2496
2766	2655
2766	2740
2767	2497
2768	2767
2769	2497
2769	2498
2770	2769
2772	2771
2775	2500
2776	2500
2777	2506
2778	2686
2779	2724
2779	2737
2780	2671
2780	2771
2781	2727
2781	2771
2781	2780
2782	2504
2783	2505
2784	2783
2785	2505
2785	2783
2785	2784
2787	2696
2787	2703
2787	2786
2788	2666
2789	2527
2789	2620
2790	2563
2790	2608
2791	2544
2792	2530
2792	2791
2793	2447
2793	2457
2794	2575
2794	2607
2795	2513
2795	2652
2795	2670
2795	2760
2796	2671
2798	2797
2799	490
2799	2664
2799	2665
2800	2797
2800	2798
2800	2799
2801	2553
2802	2506
2804	2527
2804	2528
2805	2804
2806	2522
2806	2736
2807	2522
2809	2553
2810	2478
2810	2515
2810	2706
2811	2715
2812	2574
2813	2524
2813	2662
2813	2684
2814	2447
2815	2527
2816	2431
2817	2565
2818	2817
2819	2662
2820	2798
2820	2800
2821	2533
2821	2534
2822	2821
2823	2533
2823	2534
2824	2823
2825	2655
2825	2820
2826	2561
2827	2735
2828	2540
2828	2541
2828	2827
2832	490
2832	2543
2833	2832
2834	490
2834	2542
2834	2829
2835	490
2835	2542
2835	2830
2836	490
2836	2542
2836	2831
2837	2662
2837	2691
2837	2819
2838	2455
2838	2724
2838	2779
2839	2724
2839	2779
2839	2796
2839	2838
2840	2706
2840	2760
2840	2810
2841	2537
2842	2778
2842	2808
2843	2544
2843	2553
2843	2809
2844	2544
2845	2553
2846	2687
2846	2723
2847	2548
2848	2548
2849	2550
2850	2550
2851	2849
2851	2850
2852	2551
2852	2851
2853	2550
2854	2550
2855	2549
2856	2549
2857	2724
2857	2756
2857	2779
2857	2838
2858	2545
2858	2846
2859	2858
2860	2545
2860	2846
2861	2860
2862	2545
2862	2846
2863	2862
2864	2478
2864	2810
2865	2820
2865	2825
2866	2819
2870	2553
2870	2554
2871	2553
2871	2554
2872	2553
2872	2554
2873	2872
2874	2529
2874	2553
2875	2874
2876	2870
2877	2871
2878	2760
2878	2815
2878	2840
2880	2585
2880	2722
2881	2697
2881	2879
2882	2560
2882	2880
2882	2881
2883	2561
2883	2740
2883	2760
2883	2840
2883	2878
2885	2439
2885	2617
2886	2617
2887	2885
2888	2886
2889	2585
2889	2722
2889	2757
2889	2880
2890	2674
2891	2691
2892	2564
2894	2565
2894	2893
2895	2568
2895	2569
2896	2570
2896	2704
2897	2896
2898	2571
2898	2572
2899	2572
2899	2573
2900	2561
2900	2883
2901	2900
2902	2578
2903	2813
2904	2575
2905	2575
2906	2574
2907	2575
2908	2553
2908	2584
2908	2657
2908	2693
2908	2843
2909	2593
2909	2594
2910	2909
2911	2585
2911	2586
2912	2590
2914	2675
2914	2851
2916	2530
2916	2657
2916	2792
2917	2529
2917	2597
2917	2874
2918	2530
2918	2596
2918	2657
2918	2908
2918	2916
2920	2538
2920	2544
2921	2694
2922	2553
2922	2801
2923	2544
2923	2791
2923	2913
2925	2924
2926	2916
2926	2918
2927	2596
2927	2918
2928	2596
2928	2918
2929	2926
2930	2457
2932	2740
2932	2841
2932	2847
2933	2600
2934	2596
2934	2636
2935	2841
2935	2932
2936	2574
2936	2601
2936	2687
2936	2692
2936	2846
2937	2851
2937	2924
2938	2924
2938	2937
2939	2465
2940	2842
2941	2565
2941	2567
2942	2678
2942	2691
2942	2714
2942	2891
2943	2603
2944	2662
2944	2819
2944	2837
2945	2944
2946	2799
2947	2799
2948	2490
2948	2629
2949	490
2950	2949
2952	2542
2952	2728
2952	2820
2952	2825
2952	2865
2953	2604
2953	2605
2954	2953
2955	2604
2956	2444
2956	2604
2956	2955
2957	2711
2957	2955
2958	2485
2958	2548
2959	2607
2959	2662
2959	2819
2959	2866
2960	2606
2960	2608
2961	2960
2963	2609
2963	2962
2964	2575
2964	2601
2965	2640
2965	2915
2966	2471
2966	2619
2966	2640
2967	2447
2967	2781
2967	2814
2968	2781
2968	2967
2969	2662
2969	2837
2970	2614
2971	2553
2971	2715
2971	2811
2971	2845
2972	2574
2972	2692
2972	2936
2973	2617
2973	2722
2974	2617
2974	2618
2975	2974
2976	2619
2976	2813
2976	2867
2976	2903
2977	2787
2977	2814
2978	2620
2978	2715
2978	2971
2979	2623
2979	2695
2980	2624
2980	2943
2981	2774
2981	2842
2982	2628
2982	2803
2983	2814
2983	2977
2984	2680
2985	2984
2986	2629
2986	2810
2986	2878
2986	2883
2987	2629
2989	2488
2989	2576
2990	2628
2990	2984
2990	2988
2991	2439
2991	2463
2993	2622
2994	2938
2995	2553
2995	2801
2996	2893
2997	2542
2997	2798
2997	2800
2997	2951
2998	2880
2999	2553
3000	2893
3001	2671
3001	2781
3002	2773
3002	3001
3003	2686
3003	2774
3003	2981
3004	2457
3004	2671
3004	2780
3005	2520
3005	2533
3005	2595
3005	2670
3007	3006
3008	2670
3008	3005
3009	2727
3009	2781
3010	2736
3010	2806
3011	2457
3011	2780
3011	2967
3012	2703
3012	2745
3012	2793
3012	2814
3014	2493
3014	2577
3014	3013
3016	2493
3016	2502
3016	3015
3017	2490
3017	2494
3017	2496
3017	2513
3017	2534
3017	2764
3017	2826
3018	2846
3019	2654
3020	2932
3021	2694
3022	2694
3023	2897
3024	2660
3025	2840
3026	2671
3026	2796
3028	2864
3029	2694
3033	2936
3034	2936
3034	3033
3035	2952
3036	2515
3036	2810
3038	2851
3038	2914
3040	2653
3041	2740
3041	2760
3041	2883
3041	2932
3041	3037
3042	2740
3042	2932
3042	3041
3043	2450
3043	2576
3045	2522
3045	3044
3047	2522
3047	2931
3047	3046
3048	3027
3049	2505
3049	2601
3049	3027
3050	2687
3051	2922
3052	2973
3054	2979
3055	2537
3055	2548
3056	3005
3057	2715
3058	2884
3060	2489
3060	2608
3061	2725
3061	2726
3062	2728
3063	2959
3064	2733
3066	2964
3067	2702
3068	2542
3070	3069
3071	3024
3073	3046
3073	3070
3073	3072
3075	3044
3075	3074
3076	2783
3077	2657
3077	2693
3078	2499
3079	2813
3080	2857
3081	2746
3081	3072
3082	2747
3083	2748
3083	3074
3084	2749
3084	3069
3085	2750
3085	3074
3086	2751
3086	3071
3087	2752
3088	2753
3088	3075
3089	2754
3089	3070
3090	2484
3090	2688
3091	2484
3091	2689
3093	2697
3094	2444
3094	2956
3095	2585
3095	2880
3096	2553
3096	2843
3096	2908
3097	2574
3098	2687
3098	3050
3099	2687
3099	2758
3100	2766
3101	3031
3101	3082
3101	3090
3102	3032
3102	3087
3102	3091
3103	2704
3104	2662
3104	2837
3104	2969
3105	2455
3105	2724
3105	3039
3106	2815
3107	2986
3108	2794
3109	2959
3109	3063
3110	2796
3111	2879
3111	2881
3112	2533
3112	2542
3112	2765
3113	2500
3113	2530
3113	2579
3114	2651
3115	2489
3115	2603
3116	2813
3116	3079
3117	2879
3117	2881
3117	3111
3118	2993
3119	2993
3119	3118
3120	2864
3121	2959
3122	2864
3122	2987
3122	3028
3123	2538
3124	2538
3125	3004
3126	2851
3126	2852
3127	3092
3128	2553
3128	3030
3128	3059
3128	3092
3128	3123
3128	3124
3128	3127
3129	3030
3129	3059
3129	3127
3129	3128
3130	2851
3130	2852
3130	3126
3131	2819
3131	2837
3131	2944
3132	2970
3133	2697
3134	2697
3134	3133
3135	2868
3135	3046
3136	2869
3137	3044
3137	3071
3137	3136
3138	2915
3140	2938
3141	2553
3142	2815
3143	2671
3143	3001
3144	3117
3145	2692
3146	2563
3146	2884
3147	2563
3147	2884
3148	2959
3148	3063
3148	3109
3149	2553
3149	3128
3150	2798
3150	2800
3151	2800
3152	2796
3152	2839
3153	2878
3153	2883
3153	2986
3154	2545
3154	2575
3155	2656
3156	2851
3156	2852
3156	2914
3156	2937
3156	3139
3157	2595
3157	3005
3158	2585
3158	2717
3159	3065
3161	2959
3161	3121
3163	2927
3164	2928
3165	3009
3166	3072
3167	2919
3167	3069
3168	2807
3169	2939
3170	2941
3171	2693
3172	2497
3173	2846
3173	2936
3173	3018
3174	2542
3174	2932
3174	3020
3174	3160
3175	2797
3176	2655
3177	2825
3178	2655
3178	2825
3179	2533
3179	2595
3180	2692
3180	3145
3181	2530
3181	2918
3186	2529
3186	2874
3186	2917
3186	3065
3186	3159
3186	3185
3187	2554
3187	2633
3187	3184
3188	2607
3188	2653
3188	3183
3189	2449
3189	2886
3189	3182
3190	2697
3190	2881
3191	2978
3192	2978
3193	2737
3194	3174
3195	2842
3196	2991
3197	2880
3197	2992
3197	2998
3197	3053
3197	3162
3198	2815
3198	2878
3199	2585
3199	2710
3200	2662
3200	2819
3200	2944
3201	2660
3201	3071
3202	3065
3202	3159
3202	3186
3203	2977
3204	2632
3205	2576
3206	2446
3207	2542
3207	2728
3208	2641
3209	3008
3210	2711
3211	2798
3211	2800
3211	2997
3212	2643
3213	2846
3213	3018
3213	3173
3214	2488
3215	2585
3215	2674
3215	2710
3216	2472
3217	2476
3218	2477
3218	3217
3219	2483
3220	2711
3221	2670
3221	3005
3221	3008
3222	2798
3222	2800
3223	2939
3224	2493
3225	2493
3226	2502
3227	2502
3228	2455
3228	2838
3229	2512
3230	2880
3230	2998
3230	3197
3231	2515
3232	2983
3233	2521
3234	2526
3235	2983
3235	3232
3236	2644
3237	2644
3238	2806
3238	3010
3239	2645
3240	2645
3241	2936
3242	2559
3243	2559
3244	2465
3244	2716
3245	2893
3245	2996
3246	3117
3246	3144
3247	2577
3247	3007
3248	2577
3249	3122
3250	2839
3250	3152
3251	2589
3251	3234
3252	2488
3252	3214
3253	2798
3253	2800
3254	2646
3255	2647
3256	2647
3257	2647
3258	2647
3259	2647
3260	2647
3261	2648
3262	2692
3263	2711
3263	2957
3264	3009
3265	2728
3265	2952
3266	2616
3266	3229
3266	3234
3266	3251
3267	2787
3267	2977
3268	2700
3269	3008
3269	3209
3270	2697
3270	3133
3270	3134
3271	2500
3272	2630
3272	3219
3273	2649
3274	2649
3275	2852
3276	2851
3276	2852
3276	2914
3276	3038
3276	3275
3277	2576
3277	3205
3278	2852
3279	2465
3279	2716
3279	3244
3280	2914
3281	2574
3281	3097
3282	3281
3283	2631
3283	3188
3284	2553
3284	2801
3284	3030
3284	3128
3284	3129
3284	3141
3286	2693
3286	2792
3286	3171
3286	3285
3287	2727
3288	2611
3288	2650
3289	2611
3289	2650
3290	3288
3291	3289
3292	2552
3295	3294
3297	3296
3299	3298
3310	3297
3310	3309
3312	3311
3314	3295
3314	3299
3314	3313
3317	3316
3321	3312
3323	3322
3325	3296
3326	3297
3328	3321
3328	3327
3329	3299
3331	3323
3331	3330
3333	3297
3333	3310
3333	3312
3333	3332
3334	3294
3336	3312
3336	3317
3336	3335
3342	3324
3342	3340
3342	3341
3344	3307
3345	3323
3348	3347
3349	3337
3349	3347
3351	3312
3351	3336
3352	3317
3355	3315
3355	3354
3357	3310
3357	3356
3359	3312
3359	3358
3360	3320
3360	3346
3361	3352
3361	3360
3362	3352
3365	3329
3365	3352
3366	3316
3368	3367
3369	3368
3370	3368
3379	3378
3380	3378
3388	3294
3392	3317
3393	3317
3395	3358
3401	3400
3402	3347
3402	3401
3403	3345
3410	3406
3410	3407
3411	3293
3411	3408
3411	3409
3411	3410
3413	3342
3417	3416
3418	3319
3420	3307
3421	3317
3423	3353
3425	3423
3426	3423
3426	3424
3429	3337
3429	3428
3430	3416
3431	3373
3431	3374
3431	3375
3431	3416
3431	3417
3432	3355
3432	3376
3433	3296
3435	3314
3435	3331
3437	3355
3440	3299
3441	3299
3444	3442
3445	3386
3446	3300
3446	3301
3447	3445
3448	3445
3450	3302
3454	3322
3454	3453
3455	3311
3456	3404
3457	3456
3458	3456
3460	3310
3462	3461
3463	3462
3464	3309
3464	3463
3465	3309
3465	3459
3465	3462
3466	3329
3466	3359
3467	3306
3468	3303
3468	3304
3468	3305
3468	3412
3468	3415
3468	3467
3469	3307
3469	3468
3470	3307
3470	3468
3471	3321
3472	3329
3472	3344
3473	3318
3474	3308
3475	3363
3477	3310
3478	3310
3479	3468
3480	3377
3481	3480
3483	3316
3484	3310
3484	3312
3485	3436
3485	3484
3486	3353
3486	3485
3487	3486
3488	3293
3491	3490
3496	3493
3497	3319
3497	3452
3498	3329
3498	3488
3499	3493
3499	3494
3499	3497
3500	3493
3500	3495
3500	3497
3501	3494
3501	3495
3501	3497
3502	3414
3502	3467
3503	3467
3506	3296
3506	3505
3510	3507
3511	3509
3512	3510
3512	3511
3513	3508
3513	3511
3515	3498
3516	3371
3517	3411
3519	3411
3520	3517
3523	3370
3525	3497
3525	3524
3526	3468
3527	3438
3527	3467
3528	3422
3529	3341
3529	3434
3531	3530
3532	3420
3534	3400
3536	3316
3536	3482
3538	3298
3538	3537
3540	3307
3542	3320
3544	3473
3545	3449
3545	3489
3546	3320
3547	3320
3550	3503
3550	3514
3551	3414
3551	3514
3552	3294
3553	1
3553	3422
3554	3401
3556	3544
3557	3316
3557	3521
3558	3299
3558	3329
3560	3486
3560	3512
3561	3328
3561	3351
3562	3383
3562	3542
3563	3353
3563	3511
3564	3324
3564	3434
3564	3512
3564	3563
3565	3399
3565	3418
3567	3371
3567	3436
3567	3485
3568	3296
3569	3355
3571	3522
3572	3325
3573	3319
3573	3343
3574	3319
3574	3343
3576	3326
3577	3568
3577	3576
3578	3576
3579	3364
3579	3559
3580	3308
3580	3330
3580	3389
3581	3330
3582	3329
3583	2
3583	3343
3584	3517
3585	3584
3586	1
3586	3329
3587	1
3587	3329
3588	3438
3588	3569
3589	3572
3589	3575
3590	3356
3590	3439
3591	3384
3591	3468
3592	3468
3593	3293
3593	3312
3596	3308
3597	3596
3598	3351
3598	3471
3600	3426
3601	3355
3601	3570
3601	3571
3604	3541
3605	3555
3605	3603
3606	3605
3607	3320
3608	3371
3608	3427
3609	3400
3609	3555
3610	3315
3610	3431
3611	3604
3612	3352
3612	3548
3612	3582
3613	3468
3614	3442
3614	3468
3615	3451
3615	3591
3616	3332
3616	3506
3617	3545
3618	3545
3619	3429
3620	3316
3620	3467
3621	3371
3621	3455
3622	3301
3622	3345
3623	3427
3623	3523
3624	3590
3625	3315
3625	3398
3625	3583
3626	3412
3626	3497
3627	3307
3627	3419
3627	3498
3628	3337
3628	3599
3629	3334
3631	3302
3631	3630
3632	3312
3632	3321
3634	3338
3635	3634
3637	1
3637	3525
3637	3636
3638	3343
3638	3355
3639	3343
3641	3640
3643	3339
3645	3309
3645	3644
3646	3453
3647	3343
3647	3344
3648	3343
3648	3344
3649	3618
3650	3492
3651	3554
3651	3650
3652	3307
3652	3352
3653	3541
3654	3308
3654	3539
3654	3581
3655	3353
3655	3564
3656	3315
3656	3396
3656	3397
3656	3639
3657	3433
3657	3572
3658	3405
3659	3343
3659	3415
3660	3603
3661	3347
3661	3609
3662	3592
3662	3613
3663	3349
3663	3456
3663	3651
3665	3437
3665	3526
3666	3410
3666	3518
3667	3541
3668	3322
3669	3611
3669	3649
3670	3532
3671	3351
3671	3421
3672	3302
3672	3337
3673	3350
3673	3351
3674	3350
3674	3351
3675	3399
3675	3491
3675	3553
3675	3565
3676	3411
3676	3418
3677	3319
3677	3410
3678	3347
3678	3641
3679	3487
3680	3679
3681	3679
3682	3404
3682	3661
3683	3356
3683	3633
3684	3413
3684	3484
3685	3683
3686	3401
3686	3658
3688	3350
3689	3351
3690	3390
3691	3690
3692	3308
3692	3552
3692	3691
3693	3313
3693	3597
3694	3391
3695	3431
3695	3432
3695	3694
3696	3504
3697	3312
3697	3331
3697	3696
3698	3321
3698	3689
3699	3480
3699	3675
3700	3350
3700	3514
3701	3350
3701	3514
3702	3351
3702	3670
3703	3530
3703	3536
3705	3330
3705	3619
3705	3704
3706	3533
3706	3549
3707	3706
3708	3301
3708	3556
3708	3707
3709	3346
3709	3394
3709	3607
3710	3449
3710	3476
3712	3410
3712	3711
3713	3327
3713	3711
3714	3355
3715	3355
3716	3355
3716	3365
3717	3535
3717	3542
3718	3576
3719	3566
3719	3599
3719	3602
3721	3635
3722	3332
3722	3356
3722	3631
3722	3633
3722	3645
3722	3683
3722	3721
3723	3356
3723	3685
3724	3317
3724	3540
3725	3358
3725	3359
3726	3358
3726	3585
3726	3594
3726	3664
3727	3358
3727	3491
3727	3595
3728	3687
3729	3347
3729	3728
3730	3360
3731	3568
3731	3576
3732	3504
3732	3621
3733	3426
3733	3486
3734	3494
3735	3495
3736	3607
3737	3445
3737	3446
3737	3489
3737	3720
3738	3511
3738	3600
3739	3483
3739	3522
3740	3327
3740	3382
3740	3443
3741	3538
3741	3629
3742	3328
3742	3515
3743	3661
3744	3562
3745	3667
3745	3668
3746	3537
3747	3403
3748	3403
3748	3747
3754	3753
3755	3753
3757	3756
3759	3758
3761	3760
3762	3750
3762	3751
3764	3762
3765	3763
3766	3763
3767	3750
3769	483
3769	692
3770	113
3770	3769
3772	3771
3773	3752
3774	3753
3776	3775
3777	3775
3778	3749
3778	3755
3781	726
3781	3779
3781	3780
3782	3770
3783	3771
3784	3754
3784	3761
3784	3783
3785	3781
3785	3783
3785	3784
3787	3785
3787	3786
3788	3761
3788	3762
3789	3763
3789	3787
3790	3780
3792	3757
3792	3758
3792	3775
3792	3791
3793	3750
3793	3751
3794	3793
3795	3773
3795	3794
3797	3774
3797	3776
3797	3777
3797	3784
3797	3796
3798	3781
3798	3785
3799	3796
3800	3797
3801	3766
3801	3781
3802	3795
3803	3802
3804	3752
3804	3802
3807	3806
3809	3775
3811	3810
3813	3812
3816	3779
3817	3816
3819	3815
3821	3810
3821	3815
3822	3792
3823	3822
3825	3771
3825	3824
3828	3827
3830	3829
3831	3811
3831	3814
3832	3830
3833	3832
3835	3834
3836	3783
3837	3829
3838	3766
3838	3767
3838	3768
3838	3806
3838	3813
3839	3838
3840	3838
3841	3783
3842	3783
3842	3824
3843	3812
3843	3840
3844	3807
3844	3838
3844	3843
3847	3771
3847	3846
3849	3815
3849	3831
3850	3834
3851	3779
3851	3850
3853	3852
3854	3796
3855	3779
3855	3834
3856	3827
3856	3853
3857	3786
3857	3809
3859	3847
3859	3858
3861	3853
3862	3838
3863	3774
3863	3805
3863	3826
3863	3834
3863	3851
3864	3805
3864	3811
3864	3863
3866	3865
3868	3783
3868	3859
3870	3781
3870	3782
3870	3869
3871	3779
3872	3845
3872	3867
3873	3845
3874	3873
3875	3808
3876	3796
3877	3796
3877	3876
3878	3875
3879	3783
3879	3834
3880	3818
3881	3822
3882	3881
3883	3758
3885	3884
3886	3786
3887	3796
3888	3854
3888	3887
3889	3817
3890	3817
3890	3887
3891	3786
3892	3875
3893	3779
3893	3823
3894	3808
3895	3788
3895	3789
3895	3829
3895	3830
3895	3837
3895	3848
3895	3867
3895	3872
3895	3874
3896	3786
3896	3820
3898	3812
3898	3897
3900	3829
3900	3895
3900	3899
3901	3807
3901	3862
3902	3860
3902	3891
3903	3825
3903	3860
3903	3874
3903	3902
3904	3793
3904	3865
3904	3866
3904	3878
3904	3884
3904	3885
3904	3894
3905	3785
3905	3904
3906	3838
3906	3866
3907	3836
3907	3863
3908	3814
3908	3826
3909	3888
3909	3890
3910	3883
3911	3872
3912	3823
3912	3855
3913	3823
3914	3861
3914	3885
3915	3871
3915	3893
3916	3796
3916	3871
3916	3877
3916	3881
3917	3882
3917	3910
3917	3916
3918	3801
3918	3826
3918	3836
3918	3898
3918	3911
3919	3833
3919	3895
3920	3848
3920	3895
3921	3775
3921	3809
3922	3775
3922	3792
3922	3913
3923	3839
3923	3897
3924	3923
3925	3880
3925	3901
3925	3908
3926	3762
3927	3848
3927	3895
3927	3903
3928	3802
3928	3804
3929	3873
3930	3757
3930	3809
3931	3757
3931	3930
3932	3749
3932	3762
3933	3897
3933	3918
3934	3796
3935	3762
3935	3788
3936	3752
3936	3802
3937	3790
3937	3797
3938	3766
3938	3803
3938	3892
3939	3798
3940	3798
3941	3798
3943	3768
3943	3778
3943	3942
3944	3802
3944	3827
3945	3809
3946	3763
3950	3949
3956	3948
3957	3956
3959	3958
3962	3960
3962	3961
3963	3956
3965	3957
3965	3964
3966	3954
3969	3955
3969	3967
3969	3968
3971	3969
3971	3970
3972	3970
3973	3947
3975	3950
3975	3951
3978	3948
3979	3957
3979	3959
3979	3976
3979	3977
3979	3978
3980	3951
3980	3979
3982	518
3983	3953
3983	3981
3984	3973
3985	3966
3985	3984
3986	3985
3987	426
3987	3985
3989	3957
3991	3990
3992	3972
3994	3975
3995	3954
3995	3973
3997	3959
3997	3996
3998	3949
3999	3958
3999	3963
4000	3953
4000	3983
4001	4000
4002	3965
4003	3991
4004	3962
4005	3972
4006	3988
4007	4006
4008	3957
4008	3959
4011	3959
4012	3948
4012	3992
4013	3992
4016	3958
4016	3996
4017	4011
4018	4009
4020	3979
4020	4000
4020	4002
4020	4019
4021	3992
4022	2717
4023	2717
4023	3960
4024	2939
4025	3990
4025	4015
4026	4024
4027	3979
4028	4005
4028	4012
4029	3971
4029	4000
4029	4014
4029	4028
4030	4001
4031	3957
4031	4029
4031	4030
4032	4029
4033	3993
4033	4015
4033	4026
4034	3960
4034	4003
4034	4022
4034	4033
4035	2342
4035	3982
4036	4004
4036	4010
4037	4009
4037	4018
4038	3981
4038	4014
4038	4036
4038	4037
4039	4030
4039	4036
4040	3952
4041	3966
4041	4030
4041	4040
4042	4041
4043	4041
4045	3961
4045	4044
4046	4009
4046	4045
4047	3962
4047	4002
4047	4010
4048	3988
4049	4007
4049	4040
4049	4048
4050	3998
4052	4051
4053	4050
4053	4051
4055	3955
4055	4054
4056	3955
4056	4007
4057	4034
4058	4015
4058	4057
4060	4059
4061	4059
4062	3954
4062	4061
4063	3966
4063	4060
4064	3954
4064	3966
4065	3995
4065	4060
4066	4041
4066	4065
4067	3982
4068	3994
4068	4067
4069	4052
4070	4052
4071	4060
4072	3971
4073	4072
4074	4073
4075	4073
4076	4073
4078	3974
4078	3986
4078	4077
4079	4009
4080	4029
4080	4036
4080	4038
4080	4047
4080	4079
4084	4082
4084	4083
4086	4081
4086	4084
4086	4085
4089	4088
4090	4084
4090	4086
4092	4091
4099	2556
4099	4084
4101	4100
4102	4093
4104	4103
4105	4069
4105	4070
4105	4095
4106	4096
4106	4105
4107	4106
4109	4106
4109	4108
4110	4099
4111	481
4112	129
4112	4111
4113	475
4114	4113
4116	4092
4118	4117
4120	108
4120	522
4120	4119
4121	4090
4121	4110
4124	4118
4124	4122
4124	4123
4128	4125
4128	4126
4128	4127
4129	2440
4129	2562
4131	4130
4133	4132
4135	4134
4136	4097
4138	4110
4138	4134
4138	4137
4143	4121
4143	4140
4143	4141
4143	4142
4144	4106
4145	526
4146	4144
4146	4145
4147	4098
4147	4106
4148	2440
4148	4114
4149	4114
4150	4121
4151	4102
4151	4139
4151	4147
4152	4094
4152	4103
4152	4151
4154	4118
4154	4138
4154	4153
4156	4110
4156	4132
4156	4154
4156	4155
4157	4137
4158	4134
4159	4118
4159	4154
4160	4090
4162	4086
4162	4138
4162	4158
4162	4161
4163	4119
4163	4152
4164	570
4164	4120
4164	4163
4165	4152
4166	4087
4168	4167
4169	4167
4171	4147
4171	4170
4172	2621
4172	4087
4172	4099
4172	4115
4172	4162
4173	474
4173	4111
4173	4149
4174	4164
4175	4139
4176	4175
4179	842
4179	4120
4179	4164
4179	4177
4179	4178
4181	4166
4182	4180
4183	4182
4184	4107
4185	4184
4186	4128
4187	4089
4187	4115
4187	4180
4188	4089
4188	4166
4188	4187
4189	4092
4193	4154
4193	4162
4193	4172
4193	4190
4193	4191
4193	4192
4194	4156
4194	4172
4196	4131
4196	4167
4196	4180
4196	4187
4196	4195
4199	3763
4199	3785
4199	3803
4199	3905
4199	4197
4199	4198
4200	4097
4201	4111
4201	4128
4202	4121
4202	4150
4202	4199
4203	4187
4204	4147
4204	4171
4206	4101
4206	4160
4206	4199
4207	4164
4207	4174
4207	4206
4208	4092
4208	4166
4209	4151
4210	4181
4211	564
4211	4115
4211	4133
4211	4187
4212	4151
4213	4112
4213	4207
4214	4166
4214	4189
4215	4151
4216	4163
4216	4215
4217	4090
4217	4160
4217	4206
4218	4087
4218	4172
4218	4187
4218	4194
4218	4205
4219	2543
4219	4164
4219	4218
4221	4111
4221	4128
4221	4201
4221	4220
4222	4097
4222	4136
4222	4221
4223	4157
4224	4138
4225	4103
4226	4182
4227	4101
4227	4199
4228	4157
4229	4157
4230	4158
4231	4158
4232	4158
4233	4157
4234	4193
4235	4203
4236	4203
4238	4137
4239	4117
4240	4117
4241	4100
4242	4155
4243	4110
4243	4237
4244	4100
4245	4097
4246	4097
4247	4246
4248	4246
4249	4155
4251	4161
4252	4127
4253	4153
4254	4195
4256	4203
4257	4195
4258	4155
4259	4137
4260	4100
4261	4203
4262	4203
4264	4214
4264	4255
4264	4263
4265	2621
4265	4250
4266	4195
4267	4087
4268	4111
4269	4160
4270	4224
4271	4224
4272	4224
4273	4224
4274	4224
4275	4224
4279	4094
4279	4276
4279	4277
4279	4278
4280	4175
4281	4098
4282	4098
4283	4098
4284	4188
4285	4093
4285	4119
4286	4204
4287	4204
4288	4165
4289	4165
4290	4180
4291	4279
4292	4291
4293	4291
4294	4291
4295	4181
4296	4181
4297	4181
4298	4181
4299	4088
4300	4186
4301	4218
4302	4301
4303	4301
4304	4202
4305	4102
4305	4212
4306	4102
4307	4305
4308	4209
4309	4209
4310	4209
4311	4209
4312	4209
4313	4210
4314	4210
4315	4210
4316	4210
4317	2556
4317	2621
4317	4101
4317	4128
4317	4174
4317	4186
4317	4221
4318	4299
4319	4299
4320	4114
4321	4284
4322	4284
4323	4129
4324	4129
4325	4148
4326	4149
4331	4328
4331	4329
4335	4332
4335	4334
4336	4332
4340	4332
4340	4333
4340	4339
4341	321
4342	4327
4342	4336
4342	4338
4345	4336
4345	4342
4345	4343
4346	4328
4346	4336
4346	4345
4347	4332
4347	4335
4347	4336
4347	4345
4351	4350
4352	4344
4355	4333
4357	4333
4357	4340
4357	4346
4357	4356
4359	4333
4359	4351
4359	4358
4360	4346
4361	4336
4361	4343
4361	4345
4362	253
4363	4352
4363	4362
4364	4358
4364	4359
4365	4342
4365	4345
4367	4366
4368	4342
4368	4345
4368	4365
4368	4367
4369	4363
4370	4363
4371	4359
4371	4364
4372	4359
4372	4361
4372	4364
4372	4365
4372	4371
4373	4336
4373	4343
4373	4345
4373	4361
4373	4364
4373	4365
4373	4372
4374	4341
4374	4352
4374	4367
4374	4369
4374	4370
4375	4327
4375	4342
4375	4368
4376	4341
4376	4352
4376	4367
4376	4374
4377	4329
4377	4346
4377	4353
4377	4357
4380	4359
4380	4371
4380	4379
4381	4332
4381	4335
4381	4336
4381	4345
4381	4346
4381	4347
4381	4352
4381	4375
4383	4333
4383	4359
4383	4364
4384	4344
4384	4352
4384	4374
4384	4376
4385	4332
4385	4344
4385	4384
4386	4337
4386	4384
4387	4327
4388	4359
4391	4332
4391	4333
4391	4355
4391	4372
4391	4383
4391	4389
4391	4390
4392	4327
4392	4352
4392	4367
4392	4369
4392	4370
4392	4374
4392	4376
4392	4384
4395	4333
4395	4336
4395	4340
4395	4345
4395	4361
4395	4372
4395	4373
4395	4383
4395	4391
4395	4393
4396	4353
4396	4373
4396	4391
4396	4394
4396	4395
4397	4371
4397	4382
4398	4332
4398	4335
4398	4347
4398	4352
4398	4381
4399	4343
4399	4365
4399	4382
4400	4332
4400	4340
4401	4330
4401	4344
4401	4352
4401	4384
4401	4392
4402	4332
4402	4335
4402	4337
4402	4347
4402	4349
4402	4381
4402	4384
4402	4386
4402	4398
4402	4401
4403	4355
4403	4383
4404	4342
4404	4354
4404	4367
4404	4368
4405	4361
4405	4373
4406	4345
4406	4361
4407	4331
4407	4346
4407	4357
4408	4344
4408	4352
4408	4381
4408	4384
4408	4401
4409	4345
4409	4360
4410	4327
4410	4354
4410	4392
4410	4404
4411	4342
4411	4368
4412	4353
4412	4373
4413	4332
4413	4344
4413	4352
4413	4384
4413	4385
4413	4401
4413	4408
4414	4404
4415	263
4415	4378
4415	4386
4416	4351
4416	4358
4416	4359
4416	4371
4416	4380
4417	4346
4417	4348
4417	4357
4418	4346
4418	4361
4419	4345
4419	4361
4421	4420
4423	238
4424	4422
4425	353
4426	354
4428	326
4429	4427
4430	4426
4431	309
4432	4422
4433	4431
4435	290
4435	4421
4435	4432
4435	4434
4436	4421
4436	4435
4437	1119
4439	4436
4439	4437
4439	4438
4441	4437
4441	4439
4441	4440
4442	4421
4442	4436
4442	4441
4443	4427
4443	4442
4444	830
4445	22
4445	2562
4446	23
4446	84
4446	91
4446	475
4446	493
4448	49
4448	85
4448	521
4448	2562
4448	4445
4448	4447
4454	4451
4454	4452
4455	4453
4456	4455
4457	843
4458	514
4458	521
4458	569
4458	829
4458	837
4458	856
4458	2440
4458	4119
4458	4444
4458	4448
4458	4454
4458	4455
4458	4457
4459	99
4459	4458
4461	24
4461	84
4461	132
4461	2562
4461	4446
4461	4460
4462	826
4462	4444
4462	4449
4462	4450
4463	4458
4464	4458
4465	4458
4466	4458
4474	4473
4475	4471
4476	3362
4476	4474
4477	4476
4478	3378
4479	4478
4481	4480
4483	4482
4485	4467
4485	4468
4485	4478
4485	4480
4487	4486
4491	2423
4492	4491
4496	4485
4499	4498
4500	4490
4500	4498
4501	4483
4501	4500
4503	4502
4506	4505
4507	2241
4507	4469
4508	4473
4509	3363
4509	4489
4510	4493
4514	4513
4517	4516
4518	4512
4520	4519
4521	4520
4522	4504
4526	4469
4528	4527
4529	4488
4530	4485
4533	4486
4535	2248
4535	4507
4535	4534
4536	2248
4540	4484
4541	4534
4542	4508
4542	4531
4543	4492
4545	4523
4545	4528
4546	4506
4547	4497
4547	4533
4549	4548
4550	4486
4552	2409
4553	4467
4553	4495
4554	4516
4554	4522
4559	4475
4561	4503
4561	4557
4562	4488
4563	2423
4565	4564
4567	4537
4567	4566
4568	4553
4570	3364
4571	4570
4573	2249
4573	4572
4574	4477
4574	4573
4575	4508
4576	4549
4579	4524
4579	4544
4579	4555
4580	4491
4581	4513
4582	3352
4582	4492
4582	4581
4584	4491
4584	4551
4585	4515
4586	4551
4587	4585
4588	4487
4588	4540
4589	4504
4589	4585
4589	4586
4590	4471
4590	4482
4592	4520
4592	4555
4594	4574
4595	4574
4596	4494
4596	4532
4597	4519
4597	4538
4598	4513
4598	4579
4600	4505
4601	4485
4602	4469
4602	4564
4602	4565
4603	3331
4605	4473
4605	4604
4606	4497
4606	4547
4607	4512
4608	4607
4610	4489
4611	4531
4611	4593
4611	4602
4612	4562
4613	4468
4613	4512
4614	4516
4614	4570
4616	4493
4617	4473
4617	4503
4618	4534
4619	4605
4620	4520
4620	4522
4621	4570
4621	4577
4622	4560
4622	4562
4622	4583
4623	4583
4624	4550
4624	4600
4625	4619
4626	4469
4626	4510
4627	4552
4628	3643
4628	4476
4628	4571
4630	4607
4631	2241
4631	4536
4632	2409
4633	4621
4634	2355
4635	4592
4636	4508
4636	4610
4637	4569
4637	4619
4638	4548
4639	4470
4640	4565
4641	4602
4641	4640
4642	4637
4643	4511
4643	4557
4643	4615
4644	4608
4644	4643
4645	4641
4646	4473
4648	4490
4648	4549
4648	4556
4649	2409
4649	4627
4650	4531
4651	4532
4651	4541
4651	4569
4652	2249
4652	4474
4652	4552
4652	4573
4652	4644
4652	4651
4653	4629
4654	4523
4654	4601
4654	4615
4654	4653
4655	3336
4655	4479
4655	4481
4655	4608
4656	4574
4656	4655
4657	4590
4659	4495
4659	4524
4659	4581
4660	2387
4660	4493
4660	4506
4660	4658
4661	4517
4661	4577
4662	4476
4662	4543
4662	4628
4662	4661
4664	4509
4664	4633
4664	4663
4665	4591
4666	4554
4667	4567
4668	4645
4669	4491
4669	4515
4670	4556
4671	4472
4672	4630
4673	4534
4674	4499
4674	4647
4674	4671
4675	4542
4675	4646
4676	4470
4676	4528
4676	4672
4677	3360
4677	4560
4678	3361
4678	4476
4678	4677
4679	4562
4679	4568
4683	4616
4683	4634
4683	4682
4684	4563
4684	4677
4686	4525
4686	4537
4686	4609
4686	4667
4686	4685
4687	4530
4687	4657
4688	4484
4688	4660
4689	4639
4689	4670
4690	4608
4690	4689
4691	4518
4691	4689
4694	4588
4694	4692
4695	2414
4695	4693
4695	4694
4696	4512
4699	4520
4699	4697
4699	4698
4700	4546
4700	4558
4700	4658
4701	4554
4702	4494
4702	4511
4703	4487
4703	4606
4711	4704
4713	4707
4714	4705
4714	4710
4716	4706
4716	4707
4719	4552
4719	4706
4720	4717
4722	4534
4722	4578
4723	4591
4723	4651
4723	4722
4724	4710
4727	4712
4727	4715
4727	4725
4728	4708
4728	4709
4728	4712
4728	4717
4729	4708
4729	4709
4731	4718
4732	4713
4732	4719
4733	4627
4733	4708
4735	4711
4735	4724
4736	4720
4736	4727
4737	4718
4738	4731
4738	4734
4739	4649
4739	4721
4739	4737
4740	4733
4742	4739
4742	4741
4743	2209
4743	4632
4744	4734
4745	4705
4745	4733
4746	4704
4746	4708
4747	4740
4747	4741
4748	4728
4748	4730
4749	2409
4749	4726
4750	4649
4751	4715
4751	4721
4751	4730
4751	4744
4751	4750
4752	4708
4753	2409
4753	4649
4754	4725
4754	4749
4754	4753
4755	4721
4756	4726
4757	4733
4758	4755
4759	3334
4759	4525
4761	4570
4761	4760
4763	4539
4763	4566
4764	4500
4765	4500
4766	4470
4767	4496
4767	4529
4768	4522
4768	4762
4769	4767
4770	4769
4771	4538
4771	4681
4771	4685
4772	4482
4773	4609
4774	4727
4775	4727
4776	4620
4777	4761
4778	4518
4779	4667
4780	4779
4781	4691
4782	4518
4784	4726
4784	4749
4784	4783
4786	4626
4786	4785
4788	4588
4789	4540
4791	4616
4791	4790
4792	4788
4793	4703
4793	4792
4794	4787
4794	4793
4795	4792
4796	4469
4797	4493
4798	4497
4799	4542
4799	4675
4800	4520
4801	4520
4802	4520
4803	4526
4804	4526
4805	4538
4806	4538
4807	4538
4808	4539
4809	4539
4811	4561
4812	4755
4813	4564
4814	4564
4815	4564
4816	4541
4817	4816
4818	4697
4820	4575
4820	4599
4820	4602
4820	4819
4821	4640
4822	4798
4823	4673
4823	4810
4824	4780
4825	4681
4826	4532
4826	4651
4826	4680
4827	4670
4827	4782
4830	3322
4831	3331
4831	4830
4832	4477
4836	4835
4837	2312
4837	4832
4837	4836
4841	4832
4841	4840
4842	4840
4843	4840
4844	4841
4845	3454
4845	4830
4847	4834
4848	4846
4848	4847
4849	2396
4849	4836
4850	3381
4850	3385
4854	2265
4854	4853
4855	980
4855	4851
4859	2365
4859	4856
4859	4857
4860	4852
4860	4858
4860	4859
4861	3295
4861	4537
4862	3543
4863	4862
4864	3318
4865	3337
4866	4537
4866	4828
4866	4829
4867	4474
4867	4840
4867	4861
4867	4866
4868	4867
4869	4867
4871	4856
4873	4848
4873	4872
4874	4829
4875	3341
4875	3369
4876	3333
4876	3342
4876	4483
4876	4875
4877	4863
4878	3372
4878	3387
4878	4847
4878	4862
4879	4864
4879	4878
4880	4870
4881	4838
4881	4878
4882	138
4882	4852
4883	3348
4883	4848
4883	4876
4884	4828
4884	4836
4884	4874
4885	3642
4885	3649
4885	4874
4885	4877
4886	4885
4887	4841
4887	4864
4887	4886
4888	3345
4888	4886
4889	4832
4889	4887
4889	4888
4890	4838
4890	4872
4891	4873
4892	4851
4893	68
4893	4871
4893	4891
4893	4892
4894	1030
4894	4893
4896	4833
4897	2214
4897	4828
4897	4836
4897	4854
4898	4833
4899	4831
4899	4898
4900	4848
4900	4880
4900	4888
4902	1033
4902	4879
4902	4901
4903	4839
4904	4838
4904	4839
4905	4872
4905	4903
4907	4901
4907	4906
4908	4850
4908	4906
4909	4850
4909	4901
4913	4870
4914	4878
4914	4910
4915	4880
4916	4834
4917	4872
4918	4913
4919	4908
4920	4878
4921	4901
4921	4911
4922	4850
4922	4917
4923	4834
4923	4865
4923	4912
4924	4878
4924	4910
4924	4918
4925	4867
4925	4895
4925	4899
4926	4896
4926	4898
4927	4695
4928	776
4928	4927
4929	4928
4930	3
4931	4930
4934	782
4934	4932
4934	4933
4935	4932
4937	4930
4937	4935
4938	4929
4938	4936
4939	4933
4940	819
4940	4939