0	1405
1	3671
2	152
3	242
4	2623
5	3664
6	766
7	1525
8	3674
9	2510
10	3235
11	1757
12	3669
13	2916
13	4891
13	4661
13	4658
13	4640
13	4569
13	3787
14	3671
15	3342
15	3353
16	3371
17	1534
18	1415
19	3671
20	3315
21	3087
22	3618
23	2331
24	1571
25	1171
26	1171
27	3679
28	1171
29	1425
30	3613
31	2623
32	2900
33	3330
34	2623
35	3353
36	2623
37	2623
38	2623
39	2248
40	2623
41	2623
42	2623
43	1226
43	3371
44	3358
45	1784
46	2623
47	3632
48	2846
49	2623
50	3285
51	2623
52	660
53	3659
54	2623
55	1492
56	2122
57	3346
58	2623
59	460
60	2623
61	193
62	2623
63	3660
64	245
65	3409
66	2623
67	1784
68	2623
69	2623
70	2623
71	1477
72	2623
73	1171
74	2623
75	815
75	1182
75	2041
75	3659
75	3935
76	2510
77	2623
78	1784
79	2623
80	2623
81	2623
82	2623
83	2623
84	2623
85	334
86	3643
87	2623
88	2623
89	2623
90	2623
91	3638
92	2623
93	3616
94	3658
95	1069
96	2623
97	3018
98	2623
99	2354
100	2623
101	1300
102	2623
103	2568
104	2623
105	2623
106	2589
107	1954
108	2467
109	2623
110	3264
111	3381
112	1676
112	4725
113	3643
114	776
114	3340
114	3341
115	2985
116	2623
117	2623
118	2623
119	1921
120	2984
121	2623
122	3669
123	2623
124	2224
125	2623
126	2623
127	2623
128	2623
129	3242
130	2623
131	2095
132	1684
133	2623
134	2984
135	2984
136	1428
137	3501
138	2977
139	3406
140	1708
141	1472
142	3643
143	152
144	780
145	3658
146	2039
147	3329
148	3417
149	3648
150	3311
151	3203
152	781
152	1580
152	4093
152	4089
153	2952
154	3637
155	783
156	2797
157	1676
158	3638
159	1428
160	2225
161	2445
162	3330
163	784
163	4965
163	4688
163	4411
164	2590
165	784
165	3340
165	3341
166	1770
167	460
168	3641
168	4596
168	4593
169	1069
170	2171
171	3585
172	1459
173	1069
174	3659
175	1429
176	3720
177	3659
178	1069
179	3330
179	3331
180	1069
181	3368
182	1692
183	3637
184	1243
185	1505
186	2690
187	2652
188	1223
188	3669
188	4489
189	3637
190	1118
190	1968
191	3333
192	3708
193	1452
194	3603
195	3612
196	3658
197	2355
198	343
198	628
198	791
198	1254
199	3683
200	346
200	867
200	894
200	909
200	918
200	927
200	939
200	948
200	956
200	964
201	2580
202	2819
203	2968
204	3337
205	2810
205	3845
206	3017
207	346
208	2486
209	276
210	3700
211	2344
212	502
213	643
214	1228
215	1820
216	468
217	1250
218	1254
219	2911
220	747
221	260
222	2421
223	282
224	3698
225	1368
226	343
227	1122
228	510
229	3613
230	3637
231	560
232	628
233	3596
233	3808
234	1488
235	3623
236	237
236	3641
238	3663
239	3382
240	2330
241	3697
242	1324
243	2658
244	3691
245	3578
246	3264
247	1777
247	4959
248	1414
249	3611
250	1825
251	392
251	761
251	815
251	1184
251	2042
251	4694
251	4377
251	4157
251	3748
252	460
253	3172
254	2017
255	920
256	319
256	963
256	4923
256	4107
257	3642
258	3097
259	1460
260	289
260	1184
260	3748
261	2772
262	1630
263	1418
264	3440
265	326
265	852
265	893
265	908
265	917
265	926
265	1144
265	1301
265	4921
265	4897
265	3996
265	3876
266	2169
267	3376
268	3617
269	2607
269	3669
270	1320
271	1069
272	1204
273	1821
274	1069
275	1069
276	913
276	1184
276	3784
276	3748
277	2411
278	1784
279	2594
280	3347
281	3343
282	290
282	1184
282	4694
282	3748
283	3494
284	2980
285	1520
286	3257
286	3286
287	813
287	4220
288	1342
288	4185
289	624
290	4313
290	4307
291	501
291	510
291	4320
292	560
292	4346
292	4339
293	628
293	4355
294	1253
295	3662
296	3204
297	3352
298	328
298	348
298	865
298	892
298	907
298	916
298	925
298	947
298	955
298	979
298	985
298	990
298	995
298	1000
298	1006
298	1015
298	1042
298	3833
299	2157
300	343
300	4385
301	501
301	510
301	4311
302	560
302	4358
303	628
303	4319
304	3503
305	2484
306	628
306	4382
307	2628
308	310
308	347
308	348
308	1169
309	3591
310	1024
310	1038
310	3833
311	325
311	344
312	3704
313	3355
314	2645
315	853
316	2810
316	3845
317	3050
318	3356
319	325
319	329
319	336
319	342
319	343
319	344
319	608
319	628
319	791
319	864
319	891
319	924
319	937
319	946
319	954
319	962
319	970
319	978
319	984
319	994
319	999
319	1005
319	1131
319	1184
319	1254
319	3363
319	4521
319	4113
319	3833
320	2352
321	3405
322	3431
323	1144
323	1182
324	2426
325	1064
325	1347
325	4923
325	3861
326	866
326	938
326	1301
326	1419
326	4921
326	4897
326	3996
326	3876
327	1405
328	1024
328	1038
328	1144
328	2044
329	865
329	892
329	907
329	916
329	925
329	947
329	955
329	979
329	985
329	990
329	995
329	1000
329	1006
329	1015
329	1042
329	1144
330	1964
331	3671
332	3212
333	1255
333	1571
334	1011
335	340
336	4923
336	4921
336	4897
336	4758
336	3833
337	1467
338	2044
339	1785
340	951
340	3131
341	2351
342	1301
342	1762
342	4923
342	4122
342	3996
342	3861
342	3833
343	374
343	4923
343	3843
343	3755
344	4169
344	4164
344	4152
344	4151
344	4150
344	4135
344	4125
344	4124
344	4121
344	4114
344	4105
345	1343
346	510
346	827
346	869
346	896
346	910
346	928
346	940
346	957
346	971
346	980
346	986
346	1064
346	4429
347	871
347	899
347	1144
347	1254
347	3833
348	791
348	872
348	901
348	1144
348	2044
349	1069
350	3218
351	461
351	1414
352	3674
353	3651
354	3584
355	3664
356	537
356	2829
357	1854
358	840
358	3611
359	2924
360	1619
360	1865
361	3049
362	2108
363	3333
364	3600
365	3648
366	2109
367	1467
368	2593
369	1474
370	1455
371	2997
372	3600
373	1809
373	3981
373	3904
374	608
374	628
374	657
374	1254
375	3637
376	3326
377	1459
378	2344
379	1471
380	3603
381	1551
382	3370
383	3373
384	3091
385	3346
386	3648
387	2975
388	1350
388	1954
388	3780
389	3080
389	4884
390	2807
391	3050
392	547
392	813
392	1342
393	827
393	867
393	894
393	909
393	918
393	927
393	939
393	948
393	956
393	964
393	1182
393	4429
393	4145
394	2944
395	2205
396	3642
397	1920
398	2410
399	3157
400	1852
401	1898
402	1612
403	2032
404	2964
405	3521
406	3603
407	3671
408	2668
409	1640
410	3352
411	3586
412	3422
413	3060
414	3328
415	3585
416	1853
417	1512
418	1454
419	1426
420	2561
421	1611
422	2941
423	3676
424	3485
425	2015
426	2291
427	1597
428	3671
429	1100
430	3262
431	1602
432	2800
433	1727
434	2039
435	2112
436	3110
437	1645
438	454
439	2145
440	3561
441	2165
442	3632
442	4894
443	1653
444	2418
445	1584
446	631
447	3184
448	3293
449	2471
450	2981
451	487
451	1705
452	3161
453	2009
454	1492
455	1490
455	2132
455	3862
455	3824
456	3196
457	1414
457	4875
458	3076
459	1650
460	1168
460	1490
460	1544
460	1578
460	1624
460	1658
460	1672
460	1674
460	1712
460	1859
460	1888
460	1894
460	2026
460	2027
460	2334
460	2632
460	2637
460	2779
460	2936
460	3409
460	3423
460	3428
460	4575
460	4079
460	4019
460	3862
460	3824
460	3784
462	3419
463	1069
464	2098
464	2629
465	565
465	596
465	744
465	861
465	1188
465	1329
465	1490
465	2179
465	2726
465	2943
465	3333
465	3340
465	4888
465	4832
465	4773
465	4742
465	4741
465	3932
465	3862
465	3824
466	3478
467	2699
468	1490
468	1553
468	1595
468	1622
468	1665
468	1679
468	1691
468	1799
468	1822
468	1889
468	1917
468	1918
468	1965
468	1977
468	2163
468	2215
468	2534
468	2543
468	2569
468	2611
468	2614
468	2669
468	2686
468	2720
468	2722
468	2749
468	2786
468	2938
468	2973
468	2986
468	3435
468	3455
468	4079
468	4019
468	3862
468	3824
469	3674
470	2642
471	3565
472	3674
473	1814
474	1496
475	2262
475	2451
475	4079
475	4074
475	4019
475	3862
475	3824
476	3160
477	2447
478	2432
479	3304
480	1728
480	3817
481	3347
482	2091
483	1490
483	2792
483	4079
483	4019
483	3862
483	3824
484	1319
485	1712
486	1784
488	1020
488	4923
489	2976
490	1133
490	1842
491	3039
492	1845
493	1976
494	2631
495	3543
496	3510
497	2099
498	1425
499	2129
500	3415
501	1357
501	2045
502	815
502	920
502	2042
503	590
503	661
503	862
503	905
503	922
503	944
503	960
503	976
503	1221
503	1482
504	1709
505	1467
506	1415
507	3360
508	1527
509	3612
511	3373
512	2678
512	3325
512	3338
512	3341
512	3368
512	3372
513	3541
514	755
514	3592
515	3568
515	4048
516	2811
517	2261
518	2453
519	630
520	665
520	855
520	889
520	914
520	935
520	952
520	968
520	1156
520	1228
520	1250
520	1303
520	1482
521	2197
522	3532
523	2897
524	2529
525	2202
526	3647
527	3612
528	3022
529	1485
530	3175
531	3363
532	2579
533	1025
533	1039
533	1064
534	1204
534	2683
535	1471
536	1408
538	3671
539	1897
540	2894
541	1103
542	3429
543	3700
544	3094
545	2525
546	3355
547	1025
547	1039
547	2042
548	3053
549	552
549	1103
550	3653
551	3182
552	3690
553	2540
554	2554
555	2073
556	2785
557	3618
558	3663
558	4036
558	4027
558	4026
558	4022
558	4021
558	4020
559	3337
560	1184
560	4694
560	3748
561	3074
562	2203
563	2627
564	2943
566	1472
567	2757
568	1509
569	1594
570	3585
571	1457
572	3603
573	3603
574	2133
575	825
575	3619
576	2139
577	1991
578	3389
579	3481
580	3347
581	3581
582	1686
583	3659
584	1467
585	2550
586	718
587	2377
588	3332
589	3337
590	1019
590	1034
590	1156
590	1258
590	4172
590	4156
591	3108
592	3558
593	3603
594	2218
595	3695
597	2375
598	1760
599	2960
600	604
601	3550
602	1413
602	1414
602	3825
602	3814
602	3790
603	1721
604	3105
605	1427
606	2979
607	2404
608	3755
609	1455
610	3316
610	3326
610	3327
610	3328
610	3329
610	3336
610	3360
610	3368
610	3369
610	3371
610	3373
610	3374
610	3375
610	3376
610	4558
610	3750
611	1204
612	2008
613	1069
614	1069
615	2861
616	3229
617	1902
618	1858
619	3559
620	2323
621	1023
621	1184
621	3748
622	1410
622	3323
622	3324
622	3325
622	3372
622	3728
623	1811
625	3468
626	2079
627	3410
628	4923
628	3843
628	3755
629	1457
630	3691
630	4719
631	1521
631	3355
632	3387
632	4173
633	1440
634	1504
635	1609
636	3210
637	3436
638	2562
639	2146
640	2244
641	3025
642	2992
643	4172
643	4156
644	3380
645	2287
646	2123
647	3618
648	2427
649	3035
650	2978
650	4552
651	3352
652	2944
653	2526
654	1467
655	3328
656	3678
657	1020
657	1035
657	1251
657	3843
657	3755
658	3671
659	3271
660	3464
661	1040
661	1156
661	1258
661	4172
661	4156
662	2825
663	3657
663	5009
663	5005
664	3671
665	1018
665	1033
666	2765
667	769
668	768
669	2335
670	2669
671	3371
672	2164
673	3659
674	2333
675	814
675	1644
676	1430
677	3585
678	1427
679	3656
680	1425
681	1430
682	3700
683	3652
684	1577
685	3356
686	3349
687	2648
688	1473
689	1473
690	3180
691	2925
692	3373
693	1477
694	1958
695	3116
696	3388
697	3600
698	3603
699	3591
699	4679
700	3329
701	2084
702	3368
703	1471
704	3638
705	3231
706	2199
707	2203
708	2016
709	3560
710	3220
711	754
711	1894
712	3497
713	2390
714	2723
715	2961
716	1662
717	3459
718	1489
718	1683
718	1763
718	2956
719	3317
720	1520
721	1541
722	2754
723	2420
724	3656
725	3329
726	2322
727	1939
728	3523
729	3158
730	2496
731	2118
732	1455
733	3357
734	3453
735	3186
736	2417
737	1666
738	3496
739	760
739	2512
740	1452
741	3514
742	1738
743	2338
745	1471
746	1732
747	761
747	1064
748	3603
749	3289
750	1485
751	2865
752	3008
753	1467
756	2805
757	2999
757	3613
757	3614
758	1489
759	3509
760	2512
761	1342
762	3352
763	2737
764	2057
765	2042
766	2182
767	3024
768	1789
769	2984
770	2158
771	1806
772	2127
773	2872
774	2959
775	1185
777	1467
778	1462
779	3044
780	3337
782	1425
783	3004
783	4480
785	3333
786	1069
787	1069
788	1069
789	3392
790	3616
791	835
791	872
791	901
791	4923
791	3843
792	2889
792	4842
792	4763
793	3355
794	2973
795	1796
796	2004
797	2686
798	3374
799	2356
799	4911
800	1454
801	3648
802	811
802	3329
803	3111
804	1455
805	3355
806	1988
807	2201
808	3148
809	3676
810	3176
812	1582
813	1064
813	2042
815	837
815	839
815	842
815	897
815	911
815	929
815	941
815	949
815	958
815	965
815	972
815	981
815	997
815	1001
815	1007
815	1016
815	1031
815	1043
815	1045
815	1047
815	1051
815	1054
815	1055
815	1057
815	1064
815	1357
815	1368
816	3653
817	2222
818	3399
819	1918
820	3373
821	3336
822	3642
823	1776
823	4985
824	2304
826	2664
827	869
827	896
827	910
827	928
827	940
827	957
827	971
827	980
827	986
827	1184
827	2046
827	3748
828	853
829	2232
830	1801
831	2177
832	2449
832	4163
832	3918
833	2778
834	3671
835	872
835	901
835	3833
836	2910
837	1182
837	4387
838	3671
839	1182
839	4384
841	2939
842	1182
842	2042
842	4383
843	1430
844	1471
845	3352
846	1477
846	3946
846	3945
846	3940
847	3474
848	2610
849	1517
850	2265
851	3334
852	1021
852	1347
852	3930
853	2538
854	2120
856	3337
857	2621
858	2043
858	4386
859	3651
860	3669
862	1156
862	1221
862	4228
863	1258
863	1343
863	4197
863	4156
864	3833
865	1251
865	2044
865	4014
866	4253
866	3930
867	1357
867	2045
867	3789
868	3615
869	3954
869	3913
870	1064
870	1184
870	2043
870	3916
870	3748
871	1254
871	4369
871	4258
872	4221
873	3612
874	2472
875	1011
875	2887
876	3642
877	3059
878	3171
879	3404
880	3061
881	2497
882	3648
883	3373
884	1906
885	1813
886	1702
887	1726
888	1696
889	1156
889	1221
889	4235
890	1258
890	1343
890	2040
890	4285
892	4028
892	3898
892	3755
893	4256
893	4232
893	3930
894	1357
894	2046
894	3777
895	3671
896	3903
897	1182
897	2041
897	2042
897	3968
898	1064
898	1184
898	3986
898	3748
899	1254
899	4369
899	4275
900	1082
901	4289
902	3251
903	2278
904	2570
905	1156
905	1221
905	4246
906	1258
906	1343
906	4277
906	4156
907	2044
907	4040
908	4269
908	3930
909	1357
909	2045
909	3872
909	3811
910	4037
910	3913
911	1182
911	2042
912	1064
912	1184
912	2043
912	3846
912	3748
914	1156
914	1221
914	4248
914	4207
915	1258
915	1343
915	2040
915	4209
916	3834
916	3755
917	3930
918	1357
918	2046
918	4263
919	1064
919	1184
919	3991
919	3950
919	3748
921	3340
921	3341
921	3856
921	3854
921	3853
921	3840
921	3839
921	3838
922	1156
922	1221
922	4296
922	4239
923	1258
923	1343
923	4259
923	4156
924	3833
924	3802
925	1144
925	1251
925	2044
926	4276
926	3930
927	1357
927	2045
927	4299
928	4223
928	3913
929	1182
929	2042
929	3992
929	3917
930	1064
930	1184
930	2043
930	3955
930	3748
931	2147
932	2266
933	2948
934	2022
935	1156
935	1221
935	4294
935	4196
935	4194
936	1258
936	1343
936	2040
936	4287
937	4031
938	4359
939	1357
939	2046
939	4240
940	4222
941	1182
941	2041
941	2042
941	4023
942	1064
942	1184
942	3925
942	3900
942	3748
943	2808
944	1156
944	1221
944	4184
945	1258
945	1343
945	4290
945	4156
946	4033
946	3833
947	1251
947	2044
947	3800
948	1357
948	2045
948	4351
949	1182
949	2042
949	3912
950	1064
950	1184
950	2043
950	3938
952	1156
952	1221
952	4226
953	1258
953	1343
953	2040
953	4189
953	4188
954	3964
955	1144
955	3755
956	1357
956	2046
956	4352
956	4335
957	4317
957	4310
958	1182
958	2041
958	3924
959	1064
959	1184
959	4000
959	3748
960	1156
960	1221
960	4312
961	1258
961	1343
961	4288
961	4156
962	4205
962	3833
963	1347
963	4323
964	1357
964	2045
964	4334
964	4315
965	1182
965	2042
965	4029
965	3998
966	1064
966	1184
966	2043
966	3958
966	3748
967	2967
968	1156
968	1221
968	4347
969	1258
969	1343
969	2040
969	4236
970	4187
971	4349
971	3913
972	1182
972	2041
972	3983
973	1064
973	1184
973	3891
973	3748
974	2903
975	1166
976	1156
976	1221
976	4343
977	1258
977	1343
977	4286
977	4252
977	4156
978	4216
978	3833
979	1251
979	2044
979	4304
979	4200
980	4329
980	3913
981	1182
981	2042
981	3966
982	1064
982	1184
982	2043
982	4001
982	3748
983	1156
983	1221
983	4333
984	4247
985	1144
985	4202
985	3755
986	4338
986	4337
987	1064
987	1184
987	4212
987	3748
988	1528
988	4112
988	4110
988	3948
988	3947
989	1258
989	1343
989	4327
989	4156
990	1251
990	2044
990	4203
991	1064
991	1184
991	2043
991	4225
991	3748
992	3671
993	1258
993	1343
993	2040
993	4308
994	4298
995	1251
995	4300
995	4237
995	3755
996	3671
997	1182
997	2041
997	4293
997	4233
998	1064
998	1184
998	4245
998	4208
998	3748
999	4292
999	3833
1000	1251
1000	2044
1000	4186
1001	1182
1001	2042
1001	4249
1002	1064
1002	1184
1002	2043
1002	4243
1002	3748
1003	2075
1004	2359
1005	4336
1006	1251
1006	4267
1006	3755
1007	1182
1007	2041
1007	4295
1007	4224
1008	1064
1008	1184
1008	4273
1008	3748
1009	3337
1010	3623
1012	1096
1012	1173
1013	3334
1014	1258
1014	1343
1014	1452
1014	4354
1014	4328
1014	4156
1015	1144
1015	1251
1015	2044
1015	4268
1016	1182
1016	2042
1016	4278
1017	1064
1017	1184
1017	2043
1017	4229
1017	3748
1018	4254
1019	4303
1020	4204
1021	4271
1022	1169
1022	1181
1022	4272
1023	4190
1024	4350
1025	4321
1026	1886
1027	1077
1028	2573
1029	2405
1030	1258
1030	1343
1030	2040
1030	4363
1031	1182
1031	2041
1031	4230
1032	1064
1032	1184
1032	3748
1033	4360
1034	4367
1035	4381
1036	1169
1036	1181
1036	4378
1037	2448
1038	4371
1039	4324
1040	4318
1041	1258
1041	1343
1041	4309
1041	4156
1042	1144
1042	1251
1042	2044
1042	4356
1043	1182
1043	2042
1043	4206
1044	1064
1044	1184
1044	2043
1044	4279
1044	3748
1045	1182
1045	2041
1045	2042
1045	4227
1046	2212
1047	1182
1047	2042
1047	4282
1048	1064
1048	1184
1048	2043
1048	4217
1048	3748
1049	1069
1050	1661
1051	1182
1051	2041
1051	4257
1052	1064
1052	1184
1052	4342
1052	3748
1053	1780
1053	4389
1054	1182
1054	2042
1054	4241
1055	1182
1055	2042
1055	4353
1056	1064
1056	1184
1056	4375
1056	3748
1057	1182
1057	2042
1057	4314
1058	1064
1058	1184
1058	2043
1058	4344
1058	4340
1058	3748
1059	1067
1059	2724
1059	2911
1059	3325
1059	3338
1060	3285
1061	1933
1062	2180
1063	1132
1064	1156
1064	1342
1064	1368
1064	2042
1064	3833
1065	3043
1066	1796
1067	4558
1068	1781
1069	1073
1069	1091
1069	1355
1069	3327
1069	4822
1069	4706
1069	4498
1069	4458
1069	4405
1070	1452
1071	1791
1072	1826
1074	2991
1075	1101
1075	4654
1076	2934
1077	3519
1078	3545
1079	3169
1080	3126
1081	1913
1082	1823
1083	1638
1084	3374
1085	3690
1085	4740
1086	1421
1087	1440
1088	2225
1089	1629
1090	2613
1092	1459
1092	1856
1093	3656
1094	1512
1094	4551
1095	3697
1097	1505
1098	1422
1099	1826
1100	3638
1101	3628
1102	2816
1104	1637
1105	1477
1106	2362
1107	2037
1108	1239
1109	1427
1110	1484
1110	3944
1110	3844
1111	1908
1112	2325
1113	3244
1114	3423
1115	1333
1115	2618
1116	1608
1117	3263
1119	2530
1120	1460
1121	1174
1121	1212
1121	1246
1121	3153
1121	3914
1122	1324
1123	1994
1124	3140
1125	2728
1126	2728
1127	2728
1128	2861
1129	3004
1130	1477
1130	1627
1131	1301
1131	4923
1131	4158
1131	3996
1131	3833
1132	3616
1134	3073
1135	3069
1136	2249
1137	1472
1138	3368
1139	1440
1140	3360
1141	3337
1142	1474
1143	3612
1144	1181
1144	2042
1144	4369
1145	1840
1146	2455
1147	2475
1148	1655
1149	2364
1150	2172
1151	2923
1152	3476
1153	3691
1154	3663
1155	3616
1156	1258
1156	4156
1156	4120
1156	4115
1156	3842
1157	3344
1158	3398
1159	1512
1160	2713
1161	2617
1162	2424
1163	2021
1164	2260
1165	3200
1165	3801
1166	2539
1167	3454
1169	3833
1170	1286
1171	1785
1171	4910
1171	3754
1172	2110
1173	2394
1174	3153
1174	3914
1175	1616
1176	2598
1177	1634
1178	3611
1179	3029
1180	1420
1181	2044
1182	1184
1182	1251
1182	3748
1183	3260
1184	1221
1184	4174
1185	1783
1186	1565
1187	1472
1189	1783
1190	3664
1191	3647
1192	3647
1193	2882
1194	3715
1195	1416
1195	2050
1196	2863
1197	1839
1198	1490
1198	2132
1198	4079
1198	4019
1198	3862
1198	3824
1199	2026
1200	2608
1201	1787
1202	1240
1202	3504
1203	3689
1205	3488
1206	2810
1206	4639
1206	3859
1206	3845
1207	2437
1208	1467
1209	3363
1210	3673
1211	2810
1212	3153
1212	3914
1213	1785
1213	4946
1214	1522
1215	3499
1216	2058
1217	2847
1218	2552
1219	1467
1220	3376
1221	1228
1221	1250
1221	1343
1221	2040
1221	4172
1221	4120
1221	4118
1221	4115
1221	3842
1221	3748
1222	3413
1223	4562
1223	4526
1224	2717
1225	2290
1227	2219
1229	1477
1230	1783
1230	3931
1231	2359
1231	4843
1232	1783
1232	3997
1233	1993
1234	3675
1235	3616
1236	1305
1236	1783
1236	3072
1236	4366
1236	4365
1236	4364
1236	4265
1236	4264
1236	4262
1236	4261
1236	4260
1236	4182
1236	4181
1236	4180
1236	4132
1236	4131
1236	4130
1236	4127
1236	4126
1236	4097
1237	1462
1237	4281
1238	2163
1239	1474
1241	2193
1242	2878
1243	3200
1244	3036
1245	1923
1246	3153
1246	3914
1247	3575
1248	3347
1249	2884
1251	2044
1252	1905
1253	2203
1254	4923
1256	1426
1256	4735
1257	1505
1258	2042
1259	1472
1260	3642
1261	3337
1262	2374
1263	1521
1264	3347
1265	3646
1266	1429
1267	2049
1268	3703
1269	3348
1270	2151
1271	2036
1272	2500
1273	2650
1274	2537
1275	2871
1276	3090
1277	3035
1277	3600
1278	2101
1279	2104
1280	2747
1281	1717
1282	1860
1283	2736
1284	3245
1285	2812
1286	1541
1286	1542
1287	2715
1288	1981
1289	3192
1290	1596
1291	2275
1292	2586
1292	3570
1293	2150
1294	2869
1295	3671
1296	1930
1297	3650
1298	2745
1299	3326
1300	3283
1302	3283
1302	4561
1302	4479
1304	2158
1306	3671
1307	1573
1307	4777
1308	2509
1309	3640
1310	1896
1311	1474
1312	3500
1312	4528
1313	3272
1314	1381
1314	1511
1315	3376
1316	1444
1317	2721
1318	3654
1319	1693
1320	3283
1321	1420
1322	3040
1323	2804
1324	2665
1324	4682
1325	1647
1326	1992
1327	2984
1328	2675
1328	3887
1330	3318
1331	1473
1332	3612
1334	1701
1335	1366
1335	3893
1336	3672
1337	3700
1338	2743
1339	2363
1340	3651
1341	1481
1342	2042
1344	2111
1345	1816
1346	3099
1347	3930
1347	3833
1348	2288
1349	2683
1350	1954
1350	3780
1351	1823
1351	3892
1352	1546
1353	3356
1354	1515
1356	2452
1357	2042
1357	3913
1358	3355
1359	2478
1360	1482
1361	2279
1362	3252
1363	3647
1364	2055
1365	3199
1367	3672
1368	2042
1369	3373
1370	3656
1371	3586
1372	1437
1373	3722
1374	2125
1375	3530
1376	3639
1376	3640
1377	2178
1378	2200
1379	1880
1380	3134
1382	1414
1383	1695
1384	2168
1385	3645
1386	3615
1387	2289
1388	1472
1389	2734
1390	1452
1391	1545
1391	1565
1391	1663
1391	2279
1391	2290
1391	2294
1391	2325
1391	2366
1391	2398
1391	2414
1391	2568
1391	2768
1391	2970
1391	2979
1391	3106
1391	3179
1391	3667
1391	3742
1391	3733
1391	3728
1391	3726
1392	1416
1393	1502
1394	3669
1395	1452
1396	1422
1397	3721
1398	3613
1399	3676
1399	3677
1400	1491
1401	1404
1402	1405
1402	1411
1402	1414
1402	1415
1402	1416
1402	1417
1402	1418
1402	1419
1402	1420
1402	1421
1402	1422
1402	1425
1402	1426
1402	1427
1402	1428
1402	1429
1402	3323
1402	3324
1402	3325
1402	3589
1403	1405
1403	1406
1403	1407
1403	1410
1403	1411
1403	1412
1403	1414
1403	1415
1403	1416
1403	1417
1403	1418
1403	1419
1403	1420
1403	1421
1403	1422
1403	1423
1403	1424
1403	1425
1403	1426
1403	1427
1403	1428
1403	1429
1403	1430
1403	1431
1403	3325
1403	3589
1403	3590
1404	1405
1404	1410
1405	1410
1405	1411
1405	2604
1406	1410
1408	1410
1408	1411
1408	1436
1408	1510
1408	2355
1408	2358
1408	2860
1408	3383
1408	3386
1408	3392
1408	3619
1408	3621
1408	3627
1408	3717
1408	3724
1408	4598
1408	4570
1409	1410
1409	1411
1409	1507
1409	2571
1409	2957
1409	3052
1409	3308
1409	3713
1410	1413
1410	1414
1410	1415
1410	1416
1410	1417
1410	1418
1410	1419
1410	1420
1410	1421
1410	1422
1410	1425
1410	1426
1410	1427
1410	1428
1410	1429
1410	1430
1410	4974
1410	3808
1410	3750
1411	1414
1411	1415
1411	1416
1411	1417
1411	1418
1411	1419
1411	1420
1411	1421
1411	1422
1411	1425
1411	1426
1411	1427
1411	1428
1411	1429
1411	1430
1411	3325
1411	3596
1411	3808
1411	3750
1414	1416
1414	1417
1414	1601
1414	2259
1414	2778
1414	3104
1414	3266
1414	3434
1414	3534
1415	1428
1415	1866
1415	3245
1415	4885
1415	4073
1416	1417
1416	1420
1416	1425
1416	1426
1416	1643
1416	2560
1416	2587
1416	2802
1416	2893
1416	3000
1416	3034
1416	3307
1416	3477
1416	3487
1417	1418
1417	1420
1417	1425
1417	1426
1417	1427
1417	1428
1417	1430
1417	4559
1418	1426
1418	1573
1418	1794
1418	2150
1418	2393
1418	2496
1418	2558
1418	2561
1418	2625
1418	2896
1418	3078
1418	4924
1419	1426
1419	1428
1419	1872
1419	2281
1419	2346
1419	3075
1419	3930
1419	3876
1420	1428
1421	1681
1421	1773
1421	1776
1421	1951
1421	2181
1421	2883
1421	2898
1421	3152
1422	1638
1422	1743
1422	1767
1422	2072
1422	2101
1422	2535
1422	2997
1422	3449
1422	3471
1422	3516
1422	3554
1422	3573
1422	3578
1425	1555
1425	1846
1425	4855
1425	4787
1425	4705
1425	4701
1426	1428
1426	1430
1426	1798
1426	2090
1426	2170
1426	2188
1426	2213
1426	2313
1426	2427
1426	2461
1426	2472
1426	2475
1426	2486
1426	2552
1426	2777
1426	3418
1426	3482
1426	3532
1426	3540
1426	4713
1427	2220
1427	2531
1427	3177
1427	4960
1427	4868
1427	4669
1428	1430
1428	1777
1428	1907
1428	2095
1428	2096
1428	2122
1428	2165
1428	2183
1428	2473
1428	2485
1428	2682
1428	2856
1428	3123
1428	3429
1428	3451
1428	3832
1429	1583
1429	1586
1429	1902
1429	2273
1429	2417
1429	2575
1429	3009
1429	4863
1430	2052
1430	2401
1430	2897
1430	4082
1431	1717
1432	3595
1433	1435
1433	1604
1433	4143
1434	1435
1434	2412
1434	2858
1434	3276
1434	3432
1434	5014
1434	4490
1435	1726
1435	1807
1435	1873
1435	2067
1435	3322
1436	1437
1436	2446
1437	1561
1437	1608
1438	1647
1438	1693
1438	1868
1438	2746
1438	4058
1439	1440
1439	1575
1439	1869
1439	2506
1439	2730
1439	3192
1439	3322
1439	4154
1440	2857
1440	3568
1441	1442
1441	3300
1441	4620
1442	4058
1443	1444
1443	2743
1443	4416
1443	3775
1444	1890
1444	3322
1444	4758
1445	1447
1445	1448
1445	3632
1446	1447
1446	1448
1446	1486
1446	1488
1446	3309
1446	3313
1446	3315
1446	3629
1446	3705
1446	3708
1447	1479
1447	3728
1448	1449
1448	1451
1448	1452
1448	1454
1448	1455
1448	1456
1448	1457
1448	1458
1448	1459
1448	1460
1448	1461
1448	1462
1448	1463
1448	1464
1448	1465
1448	1466
1448	1467
1448	1468
1448	1469
1448	1470
1448	1471
1448	1472
1448	1473
1448	1474
1448	1475
1448	1477
1448	1478
1448	1479
1448	1481
1448	1482
1448	1483
1448	3923
1448	3893
1448	3728
1448	3726
1450	1479
1450	1649
1450	1680
1450	1960
1450	2363
1450	2640
1450	2819
1450	2875
1450	3122
1451	1465
1451	1479
1451	1557
1451	1655
1451	2211
1451	2231
1451	2374
1451	4129
1451	4053
1452	1465
1452	1479
1452	1598
1452	1735
1452	1744
1452	1813
1452	1834
1452	1856
1452	1958
1452	1978
1452	1997
1452	2023
1452	2025
1452	2036
1452	2172
1452	2227
1452	2280
1452	2287
1452	2289
1452	2348
1452	2365
1452	2390
1452	2410
1452	2437
1452	2454
1452	2477
1452	2483
1452	2510
1452	2520
1452	2606
1452	2639
1452	2681
1452	2688
1452	2748
1452	2788
1452	2808
1452	2812
1452	2815
1452	2816
1452	2820
1452	2822
1452	2903
1452	2914
1452	2941
1452	2991
1452	3003
1452	3026
1452	3027
1452	3057
1452	3065
1452	3083
1452	3098
1452	3102
1452	3121
1452	3126
1452	3131
1452	3224
1452	3267
1452	3291
1452	3438
1452	4721
1452	3746
1453	1477
1453	2815
1453	3121
1454	1479
1454	2200
1455	1465
1455	1479
1455	2470
1455	2680
1455	4007
1455	3953
1456	1479
1456	3020
1456	4156
1457	1465
1457	1479
1457	2292
1457	3175
1457	3251
1457	4101
1457	4072
1458	1465
1458	1479
1458	1664
1458	1771
1458	1797
1458	1867
1458	2063
1458	2217
1458	2263
1458	2278
1458	2324
1458	2352
1458	2386
1458	2444
1458	2449
1458	2562
1458	2585
1458	2817
1458	2885
1458	3018
1458	3048
1458	3236
1458	4123
1459	1465
1459	1479
1459	1654
1459	1668
1459	1700
1459	1756
1459	1919
1459	2011
1459	2151
1459	2182
1459	2192
1459	2332
1459	2368
1459	2376
1459	2394
1459	2476
1459	2701
1459	2708
1459	2975
1459	2993
1459	3055
1459	3100
1459	3301
1460	1465
1460	1479
1460	2040
1460	3062
1461	1465
1461	1479
1461	2736
1462	1479
1462	1697
1462	2490
1462	3153
1463	1465
1465	1467
1465	1471
1465	1472
1465	1473
1465	1474
1465	1475
1465	1477
1465	1479
1465	3893
1466	1479
1466	2984
1466	3062
1466	3063
1467	1479
1467	1824
1467	1861
1467	2349
1467	2644
1467	4630
1467	4579
1467	4477
1467	4168
1467	4056
1467	4002
1467	3729
1471	1479
1471	3168
1471	4715
1471	4622
1471	4134
1472	1479
1472	1597
1472	1634
1472	1661
1472	1662
1472	1841
1472	1984
1472	2051
1472	2155
1472	2322
1472	2415
1472	2416
1472	2775
1472	2800
1472	3002
1472	3022
1472	3119
1472	3143
1472	3149
1472	3410
1472	3426
1472	3452
1472	3493
1472	4861
1472	4700
1472	3910
1473	1479
1473	1675
1473	1754
1473	2160
1473	2674
1473	2781
1473	3727
1474	1479
1474	2049
1474	2557
1474	2801
1474	4869
1474	4283
1474	4138
1475	1479
1475	1636
1475	1678
1475	1809
1475	1848
1475	1860
1475	1896
1475	2001
1475	2030
1475	2105
1475	2247
1475	2372
1475	2818
1475	3264
1475	3284
1475	3543
1475	4117
1475	4025
1476	1860
1476	3284
1477	1479
1477	1627
1477	1761
1477	1787
1477	1796
1477	1938
1477	1946
1477	2020
1477	2062
1477	2075
1477	2174
1477	2400
1477	2467
1477	2636
1477	2655
1477	2723
1477	2776
1477	2837
1477	2839
1477	2878
1477	2924
1477	3121
1477	3174
1477	3285
1477	3462
1477	4975
1478	1481
1478	1482
1479	1480
1479	1481
1479	1482
1479	3665
1479	3666
1479	3667
1480	1488
1480	3313
1480	3315
1480	3629
1480	3704
1480	3708
1480	3815
1481	2887
1481	3021
1481	4234
1482	4345
1484	1485
1484	2205
1484	2270
1484	2981
1484	3594
1485	1653
1485	1858
1485	2055
1485	2058
1485	4876
1485	3844
1487	1488
1487	1616
1487	2577
1488	1749
1488	1821
1488	2283
1488	2513
1488	4903
1489	1571
1489	2550
1489	3173
1489	3306
1489	4058
1489	3936
1490	1491
1490	1492
1490	1503
1490	3323
1490	3325
1490	4079
1490	4019
1491	4019
1491	3862
1492	1552
1492	1554
1492	1817
1492	1937
1492	1948
1492	2125
1492	2597
1492	2638
1492	2814
1492	3172
1492	3232
1492	3439
1492	4079
1492	4019
1492	4006
1492	3862
1492	3826
1492	3824
1493	1502
1493	4079
1493	4019
1493	3862
1493	3824
1493	3820
1494	2006
1494	2532
1495	1524
1495	1562
1495	1564
1495	1567
1495	1670
1495	1904
1495	2006
1495	2029
1495	2059
1495	2084
1495	2116
1495	2199
1495	2339
1495	2532
1495	3395
1495	3408
1495	3475
1495	4079
1495	4019
1495	3862
1495	3824
1496	1584
1496	1714
1496	1792
1496	1928
1496	2186
1496	2187
1496	2584
1496	2689
1496	2798
1496	3197
1496	4900
1496	4079
1496	4019
1496	3862
1496	3824
1496	3791
1497	1544
1497	1859
1498	2179
1498	2726
1498	2943
1498	4079
1498	4019
1498	3932
1498	3862
1498	3824
1499	1822
1499	2973
1500	1502
1501	1502
1501	4652
1503	1505
1503	3666
1503	3974
1503	3824
1504	2570
1504	2785
1504	4079
1504	4019
1504	3862
1504	3824
1505	1580
1505	1606
1505	1878
1505	2073
1505	2088
1505	2249
1505	2379
1505	2687
1505	3115
1505	3412
1505	3447
1505	3458
1505	3461
1505	3466
1505	3491
1505	3553
1505	3567
1505	4079
1505	4019
1505	3862
1505	3824
1506	1701
1506	1709
1506	1828
1506	2254
1506	2335
1506	2952
1506	3228
1506	4079
1506	4019
1506	3862
1506	3824
1508	1509
1508	1882
1508	2109
1508	4058
1508	3803
1510	1511
1510	1512
1510	1513
1510	1514
1510	3594
1511	1942
1511	1957
1511	2110
1511	2223
1511	2614
1511	2650
1511	2665
1511	2672
1511	2826
1511	2872
1511	2894
1511	3090
1511	3091
1511	3147
1511	3246
1511	3496
1511	5011
1512	1559
1512	1666
1515	1516
1515	1738
1515	2246
1515	2554
1515	2721
1515	3007
1515	3108
1515	3243
1516	4058
1517	1518
1517	4799
1517	4718
1517	4564
1517	4461
1517	4409
1517	4162
1518	2411
1518	3322
1518	3481
1519	3595
1520	1521
1520	1847
1520	2671
1520	3093
1520	3422
1520	3436
1520	3533
1520	4759
1520	4148
1520	3993
1521	1522
1521	1652
1521	1751
1521	2137
1521	2167
1521	2261
1521	2565
1521	2679
1521	3305
1521	3507
1521	4058
1523	1524
1523	1539
1523	3709
1523	4039
1523	3806
1524	1526
1524	1527
1524	1528
1524	1529
1524	1530
1524	1531
1524	3322
1525	1526
1526	1855
1526	2252
1526	2327
1526	2811
1526	3058
1526	3059
1526	3061
1526	3492
1526	3497
1526	3515
1526	4790
1526	4748
1526	4616
1527	3298
1527	4697
1527	4671
1527	4616
1528	1625
1528	1854
1528	2293
1528	2296
1528	2564
1528	2617
1528	2757
1528	2793
1528	4616
1528	3911
1528	3889
1529	1831
1530	2048
1530	3272
1530	3295
1530	3427
1530	3531
1530	3536
1532	3079
1533	1535
1534	1535
1534	2583
1534	4913
1535	3595
1536	1537
1536	2423
1537	3594
1538	1539
1538	1844
1538	1899
1538	2448
1538	2596
1538	4811
1538	3806
1539	1540
1539	1804
1539	2225
1539	2791
1539	3060
1539	4908
1539	4616
1541	1542
1541	1731
1541	2080
1541	2345
1541	2588
1541	4546
1541	4503
1541	4436
1542	1543
1542	1603
1542	2469
1542	2648
1542	2745
1542	2838
1542	3025
1542	3263
1542	3268
1542	4153
1542	4058
1543	4802
1546	3663
1547	3340
1548	3316
1549	3657
1549	3757
1550	3669
1551	3689
1551	4731
1556	3336
1558	3658
1560	3617
1563	3663
1566	3375
1568	3660
1568	4098
1569	3369
1569	4709
1569	4589
1569	4565
1569	4408
1570	3690
1572	3340
1574	3638
1576	3330
1577	3337
1579	3330
1581	3637
1582	3334
1583	4836
1585	3715
1587	3678
1587	3733
1588	3387
1589	3638
1589	4481
1590	3690
1590	4739
1590	4733
1591	3660
1591	4983
1592	3674
1593	3669
1593	3670
1594	3370
1595	3397
1596	3669
1598	3972
1599	3720
1600	3329
1601	5008
1601	3796
1602	3659
1604	4449
1604	3831
1605	3674
1607	3691
1607	4613
1609	3333
1610	3375
1611	3650
1612	3344
1613	3683
1613	3684
1613	4427
1613	4423
1613	3952
1614	3375
1615	3650
1616	4890
1617	3669
1618	3669
1619	3669
1620	3337
1620	3338
1620	3339
1620	4909
1621	3375
1623	3616
1623	4879
1624	3821
1626	3371
1628	3637
1629	3691
1630	3638
1631	3695
1632	3376
1633	3334
1635	3663
1635	4470
1636	4871
1636	3818
1637	3893
1639	3689
1640	3586
1641	3676
1642	3387
1643	3987
1644	3350
1645	3611
1646	3637
1646	4665
1647	4034
1647	3975
1648	3371
1648	4963
1649	4862
1649	3893
1650	3370
1651	3647
1651	4085
1654	4784
1654	4724
1656	3337
1657	3388
1657	4103
1658	4783
1658	3735
1659	3368
1659	4623
1660	3638
1667	3669
1667	3670
1669	3377
1671	3368
1671	4805
1673	3602
1674	4930
1676	3683
1677	3337
1680	4096
1680	4095
1680	3893
1682	3683
1684	3344
1685	3674
1685	4088
1686	3893
1687	3340
1688	3369
1689	3333
1689	4407
1690	3638
1691	4704
1692	3327
1693	4034
1693	3975
1694	3344
1695	3375
1696	3680
1698	3641
1699	3586
1702	3603
1703	3349
1704	3680
1705	3680
1706	3643
1706	3782
1707	3643
1707	4872
1708	3608
1710	3660
1711	3615
1713	3694
1715	3330
1716	3676
1718	3637
1719	3637
1720	3333
1721	3637
1722	3387
1723	3669
1724	3638
1725	3616
1727	3893
1728	3676
1729	3638
1729	4621
1729	4398
1730	3353
1730	4760
1732	3674
1733	3650
1733	4896
1734	3641
1735	3805
1736	3613
1737	3643
1739	3632
1740	3698
1741	3709
1742	3621
1742	4746
1742	4598
1743	4737
1745	3636
1745	3637
1746	3641
1747	3680
1748	3626
1750	3616
1752	3340
1753	3353
1754	4755
1755	3344
1756	4939
1757	3679
1758	3637
1758	4795
1759	3613
1760	3370
1762	3327
1762	5001
1762	3861
1764	3694
1765	3586
1766	3328
1767	4877
1768	3332
1769	3330
1769	4807
1770	3347
1772	3344
1774	3344
1775	3664
1778	3329
1779	3723
1780	3350
1780	3351
1780	4637
1781	3637
1782	3350
1783	3363
1784	3334
1785	3657
1785	4553
1785	4511
1785	4507
1785	4506
1785	4505
1785	4491
1785	4488
1785	4484
1785	4380
1785	4368
1785	4302
1785	4301
1785	4251
1785	4250
1785	4242
1785	4183
1785	4161
1785	4100
1785	4048
1785	3995
1785	3990
1785	3939
1785	3880
1785	3786
1785	3757
1786	3673
1786	4316
1786	3995
1786	3837
1786	3836
1788	3641
1789	3349
1790	3642
1791	3650
1791	4956
1792	4803
1793	3363
1793	4955
1795	3344
1796	3822
1800	3346
1801	3333
1802	3585
1802	3976
1803	3681
1804	4757
1804	3806
1805	3660
1806	3893
1808	3616
1810	3613
1811	3669
1812	3674
1814	3722
1815	3669
1816	3638
1816	4274
1818	3669
1819	3691
1819	4646
1820	3663
1823	3692
1823	3693
1823	4752
1823	4527
1823	3969
1825	3638
1826	3691
1827	3676
1828	4094
1829	3311
1830	3613
1830	4370
1830	4160
1832	3674
1833	3643
1835	3615
1836	3638
1837	3346
1838	3350
1839	3328
1840	3669
1842	3611
1843	3387
1843	4834
1845	3637
1847	4756
1847	4633
1849	3608
1850	3679
1851	3679
1852	3669
1853	3328
1857	3690
1857	4982
1857	4931
1862	3676
1863	3669
1864	3309
1864	4069
1864	3868
1864	3815
1865	3637
1868	4995
1868	4973
1868	4769
1868	4767
1868	4034
1868	3975
1868	3874
1869	4525
1870	3583
1871	3702
1871	4992
1871	4990
1872	3725
1873	3866
1874	3669
1875	3344
1876	3326
1877	3695
1878	4305
1879	3638
1880	3337
1881	3638
1881	4274
1883	3674
1884	3337
1885	3676
1885	3677
1886	3657
1886	3757
1887	3643
1888	4448
1888	4447
1889	4672
1890	4015
1891	3608
1892	3613
1893	3375
1893	3766
1895	3337
1897	3669
1898	3336
1899	4668
1900	3643
1900	4560
1901	3660
1901	3835
1903	3690
1903	4595
1904	4676
1905	3663
1906	3344
1908	3715
1909	3344
1909	4424
1910	3349
1910	4419
1911	3683
1912	3344
1913	3346
1914	3333
1914	4774
1915	3327
1916	3674
1920	3669
1921	3697
1922	3678
1922	4988
1922	4950
1923	3330
1923	3331
1924	3643
1925	3674
1926	3671
1927	3697
1929	3326
1930	3674
1931	3613
1932	3679
1933	3669
1934	3616
1935	3387
1936	3370
1939	3344
1940	3676
1941	3371
1943	3647
1943	4611
1944	3657
1944	3757
1945	3679
1945	4399
1947	3334
1947	4077
1948	4404
1949	3602
1950	3672
1950	4392
1952	3669
1953	3638
1954	3330
1954	4788
1954	3780
1955	3720
1956	3368
1956	5020
1956	4951
1956	4905
1956	4902
1956	4643
1956	4412
1956	4144
1956	4009
1956	3807
1959	3641
1960	3893
1961	3655
1961	4638
1962	3613
1963	3721
1964	3617
1966	3368
1967	3347
1968	3683
1969	3630
1969	4940
1970	3602
1971	3708
1972	3350
1973	3638
1973	4966
1974	3662
1975	3370
1975	4800
1976	3585
1979	3638
1980	3676
1981	3353
1982	3327
1983	3340
1985	3697
1986	3679
1986	4428
1987	3663
1987	4446
1988	3337
1989	3669
1990	3660
1990	4681
1991	3333
1992	3330
1993	3638
1994	3327
1995	3337
1996	3653
1997	4218
1998	3643
1999	3329
2000	3673
2001	4655
2002	3586
2003	3646
2004	3660
2005	3337
2005	3338
2005	3927
2007	3669
2007	4460
2008	3643
2009	3613
2010	3641
2012	3337
2012	3338
2012	4177
2013	3333
2014	3600
2015	3694
2016	3650
2017	3613
2017	4695
2017	3864
2018	3646
2019	3662
2021	3669
2022	3650
2024	3698
2025	4128
2028	3660
2028	4972
2031	3334
2031	3813
2032	3698
2033	3648
2033	3654
2033	4515
2034	3650
2034	4751
2035	3346
2035	4179
2037	3641
2037	4699
2038	3353
2039	3333
2041	3645
2042	3757
2043	3672
2044	3376
2044	4369
2045	3601
2045	3913
2046	3604
2047	3638
2050	3326
2053	3669
2054	3671
2056	3370
2057	3660
2060	3344
2061	3663
2062	4791
2064	3333
2064	4674
2065	3368
2066	3330
2067	4403
2067	3894
2067	3795
2068	3346
2069	3613
2070	3337
2070	3338
2070	4545
2071	3676
2074	3698
2076	3637
2076	4812
2077	3337
2077	3338
2077	4519
2078	3616
2079	3317
2081	3676
2082	3669
2083	3638
2083	4456
2085	3388
2085	4475
2086	3643
2087	3625
2087	4898
2087	4895
2087	4673
2087	4585
2087	4578
2089	3342
2089	4341
2089	3928
2090	3962
2091	3638
2092	3350
2093	3311
2094	3669
2097	3333
2098	3374
2099	3337
2100	3663
2100	4469
2102	3602
2103	3722
2104	3327
2106	3350
2107	3357
2108	3625
2111	3602
2112	3358
2113	3333
2114	3599
2114	4619
2115	3332
2115	4728
2117	3673
2118	3375
2119	3337
2119	3375
2119	4723
2120	3674
2121	3616
2122	4051
2123	3600
2124	3643
2126	3669
2127	3649
2127	3650
2128	3612
2129	3654
2130	3327
2130	4418
2131	3674
2133	3638
2134	3346
2135	3600
2136	3344
2138	3698
2139	3337
2140	3586
2140	4631
2141	3679
2142	3357
2143	3720
2143	4438
2144	3674
2145	3327
2146	3344
2147	3893
2148	3616
2149	3646
2152	3347
2153	3671
2154	3669
2154	3970
2155	4176
2156	3334
2156	4753
2157	3337
2157	3338
2158	3678
2158	4764
2158	3733
2159	3669
2161	3336
2162	3656
2164	3659
2166	3638
2168	3641
2169	3353
2171	3353
2173	3350
2175	3391
2176	3333
2176	4645
2177	3669
2178	3346
2179	4778
2180	3337
2184	3641
2185	3344
2186	4566
2189	3694
2189	4502
2190	3697
2190	5002
2190	4925
2190	3883
2191	3643
2191	4881
2192	4599
2193	3663
2194	3613
2195	3630
2196	3616
2197	3344
2198	3669
2199	3785
2201	3618
2202	3587
2203	3340
2204	3340
2204	3341
2204	3781
2205	3844
2206	3618
2207	3641
2207	3951
2208	3713
2208	4609
2209	3613
2210	3370
2210	4627
2212	3346
2214	3678
2216	3679
2218	3337
2219	3337
2220	4841
2221	3637
2222	3333
2224	3586
2226	3638
2226	4583
2228	3638
2229	3616
2230	3327
2232	3337
2233	3638
2234	3697
2234	4686
2235	3616
2236	3669
2237	3691
2237	4907
2238	3613
2238	4837
2239	3637
2240	3694
2241	3638
2241	3680
2241	3752
2242	3583
2243	3695
2244	3654
2245	3691
2248	3655
2250	3674
2251	3695
2251	3696
2251	4821
2252	4899
2252	4844
2252	4815
2252	4689
2252	3985
2252	3827
2253	3333
2255	3357
2256	3676
2257	3671
2258	3387
2258	4417
2260	3893
2262	4090
2263	4092
2264	3690
2264	4848
2265	3683
2266	3334
2267	3643
2267	4397
2268	3663
2269	3663
2270	3885
2270	3844
2271	3326
2272	3611
2272	5007
2272	4981
2272	4970
2272	4543
2272	4431
2272	3816
2274	3330
2275	3647
2276	3663
2277	3673
2277	4785
2281	3878
2282	3632
2282	3967
2282	3858
2282	3759
2283	4061
2283	3863
2284	3337
2284	4830
2284	4786
2284	4762
2285	3678
2285	4108
2286	3638
2288	3679
2291	3348
2295	3390
2296	3963
2297	3641
2297	5000
2297	4945
2297	4889
2298	3663
2299	3643
2300	3344
2301	3678
2302	3640
2303	3375
2304	3663
2305	3700
2305	4656
2306	3337
2307	3674
2308	3720
2308	4517
2308	3779
2309	3722
2310	3637
2310	4819
2311	3602
2311	4854
2312	3330
2314	3669
2315	3616
2316	3616
2317	3637
2318	3704
2318	3705
2318	4683
2319	3602
2320	3333
2321	3657
2323	3638
2326	3656
2328	3674
2329	3647
2329	4887
2330	3328
2331	3663
2333	3368
2334	4840
2334	4828
2336	3722
2337	3337
2337	3338
2337	4727
2338	3669
2339	4766
2339	4729
2340	3387
2340	3756
2341	3387
2341	4038
2341	3756
2342	3608
2343	3602
2344	3337
2345	4588
2346	4904
2347	3599
2347	4856
2347	4814
2348	4555
2350	3650
2351	3697
2353	3669
2354	3626
2354	5021
2356	3385
2357	3722
2358	3724
2358	4400
2359	3317
2360	3317
2360	4835
2361	3690
2361	5010
2361	4944
2361	3847
2362	3370
2363	3893
2364	3669
2367	3337
2369	3586
2369	4929
2370	3671
2371	3698
2373	3674
2373	4099
2375	3638
2377	3643
2378	3674
2379	4091
2380	3608
2381	3676
2382	3641
2383	3641
2384	3350
2384	3351
2385	3722
2387	3337
2388	3638
2389	3636
2389	3637
2391	3671
2392	3669
2392	3942
2395	3669
2396	3638
2397	3641
2397	4948
2399	3676
2402	3646
2402	4826
2403	3678
2404	3674
2405	3613
2406	3669
2407	3690
2408	3353
2408	4590
2409	3638
2409	4600
2413	3695
2413	4608
2418	3346
2419	3602
2420	3641
2421	3340
2422	3710
2423	4947
2423	4702
2423	4544
2423	3978
2423	3957
2423	3852
2424	3680
2425	3663
2425	4615
2425	3994
2426	3370
2427	3778
2428	3669
2429	3337
2430	3637
2431	3330
2432	3388
2433	3615
2433	4810
2434	3311
2435	3388
2435	4563
2436	3602
2438	3310
2439	3337
2440	3613
2441	3638
2442	3697
2443	3680
2445	3638
2447	3647
2450	3613
2450	4743
2452	3638
2453	3347
2455	3360
2456	3650
2457	3679
2458	3638
2459	3650
2459	4707
2460	3340
2462	3353
2462	4797
2463	3669
2463	4422
2464	3638
2464	4628
2465	3620
2465	4055
2466	3643
2468	3333
2469	4462
2471	3669
2474	3643
2478	3613
2479	3375
2480	3350
2481	3663
2481	4486
2482	3669
2484	3332
2487	3674
2487	4880
2488	3388
2489	3653
2491	3642
2492	3613
2492	4864
2493	3637
2494	3642
2495	3311
2497	3669
2498	3613
2498	4870
2499	3375
2500	3651
2501	3660
2502	3638
2502	4003
2503	3585
2504	3312
2505	3344
2507	3340
2508	3637
2509	3694
2510	4736
2510	4720
2510	3901
2510	3794
2511	3643
2511	3644
2512	3702
2513	3770
2514	3630
2514	3907
2514	3758
2515	3333
2516	3681
2517	3334
2518	3353
2518	4102
2519	3344
2521	3346
2521	4687
2522	3333
2522	4919
2523	3337
2524	3669
2525	3616
2526	3643
2527	3337
2528	3585
2528	3871
2529	3653
2530	3346
2532	4698
2533	3669
2535	4075
2536	3697
2537	3368
2538	3344
2539	3638
2540	3603
2541	3330
2542	3377
2542	4580
2544	3656
2544	4808
2545	3602
2545	4043
2546	3695
2546	4522
2547	3344
2548	3695
2548	4472
2549	3669
2551	3330
2553	3680
2555	3349
2555	3736
2556	3641
2557	4605
2559	3346
2563	3652
2565	4394
2566	3389
2567	3600
2569	4857
2571	4086
2572	3373
2572	4549
2573	3337
2574	3648
2574	3652
2574	3654
2574	4492
2575	4865
2576	3671
2578	3683
2578	4684
2578	4541
2578	3753
2579	3659
2580	3337
2581	3646
2582	3623
2584	4663
2586	3337
2588	4711
2589	3695
2589	3696
2589	4722
2589	4457
2590	3350
2591	3334
2591	4952
2592	3663
2593	3663
2594	3337
2595	3660
2595	4644
2598	3663
2599	3337
2600	3669
2601	3370
2602	3337
2603	3638
2605	3638
2607	3669
2608	3387
2609	3679
2609	4574
2610	3337
2610	3338
2610	3339
2610	4508
2610	3760
2611	4838
2612	3350
2612	3351
2612	4798
2612	4685
2613	3637
2615	3356
2615	4789
2616	3381
2616	4850
2616	4140
2616	4032
2618	3676
2619	3669
2619	3982
2620	3683
2621	3374
2622	3333
2623	3334
2623	4852
2623	4213
2624	3611
2624	4712
2626	3616
2627	3340
2628	3697
2628	4433
2629	3357
2630	3638
2631	3638
2633	3674
2634	3318
2634	4463
2635	3641
2637	3774
2639	4306
2640	3902
2640	3893
2641	3379
2642	3638
2643	3373
2645	3640
2646	3676
2646	3677
2647	3660
2647	3661
2649	3702
2651	3611
2652	3316
2653	3334
2654	3674
2656	3583
2657	3643
2657	3644
2658	3638
2659	3683
2659	3684
2660	3676
2661	3669
2662	3660
2663	3334
2663	4943
2664	3699
2665	4603
2666	3638
2667	3368
2668	3337
2670	3720
2672	3743
2673	3583
2673	4586
2675	3650
2675	4396
2676	3669
2677	3637
2678	4330
2680	4933
2683	3346
2684	3602
2685	3660
2689	4994
2690	3674
2691	3679
2692	3643
2693	3353
2693	4953
2694	3616
2695	3699
2695	5016
2695	4976
2695	4968
2695	4893
2695	4434
2695	4401
2695	3884
2695	3762
2695	3751
2696	3337
2696	4978
2696	4977
2696	4957
2696	4926
2696	4922
2696	4914
2696	4883
2696	3959
2696	3890
2696	3841
2696	3776
2697	3602
2698	3692
2699	3674
2700	3317
2700	4391
2702	3676
2702	3895
2703	3375
2704	3678
2704	4949
2704	4927
2705	3377
2705	4052
2705	4046
2705	3941
2706	3660
2706	4516
2707	3387
2709	3690
2709	5015
2709	3741
2710	3683
2711	3357
2711	4625
2712	3669
2713	3663
2713	4459
2714	3643
2715	3650
2716	3653
2717	3368
2718	3370
2719	3637
2720	4779
2724	4558
2725	3337
2726	3857
2727	3643
2728	3350
2728	4928
2728	3988
2728	3798
2729	3375
2731	3616
2732	3638
2733	3650
2734	3370
2735	3680
2735	4464
2737	3658
2738	3641
2739	3669
2740	3690
2741	3689
2742	3643
2744	3704
2745	4420
2746	4576
2746	4034
2746	3975
2747	3616
2750	3676
2751	3641
2752	3309
2752	3815
2753	3608
2754	3353
2755	3660
2755	4816
2756	3586
2758	3674
2759	3612
2760	3346
2761	3344
2761	4373
2762	3697
2762	4468
2763	3344
2764	3327
2764	4782
2765	3676
2765	4004
2766	3690
2767	3695
2769	3348
2770	3676
2771	3721
2772	3669
2773	3327
2774	3650
2774	3921
2775	4941
2775	4920
2776	4291
2777	4675
2780	3674
2780	4155
2782	3669
2782	4533
2783	3330
2784	3370
2787	3390
2787	4624
2788	4917
2789	3706
2789	4050
2790	3337
2790	3338
2790	4041
2790	3929
2790	3915
2790	3783
2791	3915
2792	4556
2792	4059
2792	4008
2792	3792
2792	3747
2793	3767
2794	3311
2794	3886
2794	3877
2794	3768
2795	3632
2795	4932
2795	4049
2796	3346
2797	3674
2799	3342
2799	3356
2799	3357
2799	4612
2799	4341
2803	3353
2803	4691
2804	3691
2805	3679
2806	3370
2806	4916
2807	3673
2809	3683
2810	3632
2810	3809
2813	3669
2818	3973
2819	3893
2820	3771
2821	3697
2822	3905
2823	3368
2823	4445
2824	3330
2824	4266
2825	3698
2827	3375
2827	4166
2828	3690
2828	4991
2829	3679
2830	3638
2831	3638
2832	3660
2833	3602
2834	3641
2835	3663
2836	3637
2838	4534
2840	3643
2841	3375
2842	3663
2843	3660
2843	3661
2844	3641
2845	3586
2846	3641
2846	4421
2846	3956
2847	3638
2848	3380
2849	3689
2849	4390
2850	3695
2850	4510
2851	3641
2852	3342
2852	4341
2853	3637
2854	3346
2854	4984
2855	3611
2855	4886
2857	4792
2858	4141
2859	3337
2859	3338
2859	4170
2861	3330
2861	4692
2861	4670
2861	3799
2862	3659
2863	3370
2863	3788
2864	3333
2865	3638
2866	3344
2867	3663
2867	4483
2868	3669
2868	4453
2869	3612
2870	3712
2870	4874
2871	3691
2873	3663
2874	3628
2875	4804
2875	3893
2876	3698
2876	4581
2877	3669
2879	3669
2880	3356
2880	4529
2881	3600
2882	3674
2884	3613
2886	3340
2886	3341
2886	4104
2887	4749
2887	4070
2887	4067
2887	4066
2887	4057
2887	3934
2888	3669
2888	3949
2888	3919
2888	3908
2889	3370
2890	3650
2891	3388
2892	3333
2895	3349
2899	3353
2900	3669
2901	3681
2902	3330
2903	4142
2904	3601
2905	3616
2906	3695
2907	3334
2907	4280
2907	4270
2907	4238
2908	3376
2908	4219
2908	4201
2908	4192
2909	3613
2909	3849
2910	3643
2911	4558
2912	3638
2913	3694
2915	3691
2916	3350
2917	3674
2918	3695
2918	4604
2919	3669
2919	3989
2920	3649
2920	3650
2921	3344
2922	3642
2923	3638
2925	3337
2926	3674
2927	3638
2928	3674
2928	3960
2929	3669
2930	3340
2931	3330
2931	4493
2932	3669
2932	3970
2933	3326
2933	4591
2933	4024
2933	3909
2934	3638
2935	3373
2935	4080
2937	3035
2937	3663
2938	4602
2938	3922
2939	3695
2940	3650
2941	3669
2942	3344
2942	3345
2944	3370
2945	3602
2946	3340
2947	3353
2948	3340
2949	3660
2950	3346
2951	3330
2952	3337
2953	3337
2953	3338
2953	4376
2954	3616
2954	4147
2955	3669
2957	3308
2958	3663
2959	3375
2960	3353
2961	3336
2962	3638
2963	3660
2964	3669
2965	3608
2966	3692
2966	3693
2967	3669
2968	3613
2969	3700
2971	3704
2971	3705
2971	4524
2972	3382
2972	5013
2972	4450
2972	4437
2974	3375
2976	3346
2977	3349
2978	3350
2978	4969
2978	4594
2980	3689
2982	3698
2982	4809
2983	3640
2985	3375
2987	3330
2988	3602
2988	4912
2988	4901
2988	4734
2988	4601
2988	3797
2989	3616
2990	3602
2992	3643
2994	3600
2994	4081
2995	3337
2995	3338
2995	4732
2996	3337
2996	3338
2996	4996
2998	3333
2998	4747
2999	3602
3001	3387
3003	4084
3004	3353
3004	4504
3005	3344
3006	3669
3008	3333
3010	3620
3011	3608
3012	3616
3013	3340
3014	3650
3015	3669
3016	3695
3016	4915
3017	3669
3019	3650
3023	3637
3024	3638
3028	3330
3028	4770
3029	3697
3030	3679
3031	3638
3032	3613
3032	4678
3032	4677
3033	3683
3033	3793
3035	3663
3036	3694
3037	3663
3037	4708
3038	3697
3039	3695
3040	3669
3041	3680
3042	3715
3043	3669
3044	3638
3044	4274
3045	3669
3046	3330
3047	3669
3049	3638
3050	3660
3051	3660
3052	3308
3053	3613
3054	3641
3056	3346
3058	4657
3062	4882
3062	4362
3062	4361
3062	4199
3062	4198
3062	4195
3062	4191
3062	3851
3063	4325
3063	4214
3063	4211
3063	4210
3064	3669
3066	3669
3067	3638
3068	3334
3068	4592
3069	3350
3069	3351
3069	4726
3069	3773
3070	3690
3071	3591
3072	3316
3073	3369
3074	3370
3075	4332
3075	4331
3075	3865
3076	3611
3077	3337
3079	3893
3080	3349
3081	3340
3082	3613
3082	3614
3084	3679
3085	3601
3085	4348
3086	3683
3087	3681
3088	3694
3088	4440
3089	3349
3092	3659
3092	4444
3093	4005
3094	3612
3095	3647
3096	3704
3097	3655
3099	3676
3101	3719
3103	3638
3105	3680
3107	3704
3107	3705
3109	3387
3110	3337
3111	3669
3112	3327
3112	3764
3113	3722
3114	3641
3114	4853
3116	3344
3117	3337
3118	3337
3120	3358
3120	4649
3122	4159
3122	3893
3123	4806
3124	3641
3124	4614
3124	4045
3124	3899
3125	3674
3126	3829
3127	3638
3128	3334
3129	3613
3129	4703
3129	4667
3130	3718
3130	3984
3130	3897
3132	3340
3133	3669
3134	3674
3134	3675
3135	3352
3136	3346
3137	3337
3138	3344
3139	3704
3140	3643
3141	3643
3142	3350
3142	4918
3143	4018
3144	3669
3145	3333
3145	4512
3146	3638
3148	3337
3150	3643
3151	3683
3153	4866
3154	3340
3155	3637
3155	3749
3156	3316
3156	4954
3157	3375
3158	3600
3159	3694
3160	3337
3161	3669
3162	3669
3163	3676
3164	3591
3164	4193
3165	3643
3166	3638
3167	3643
3169	3689
3170	3330
3170	4892
3171	3368
3176	3330
3178	3669
3179	4839
3179	4820
3180	3330
3181	3387
3182	3676
3183	3370
3184	3337
3184	3338
3184	4771
3185	3333
3186	3344
3187	3698
3187	4987
3188	3337
3188	3338
3188	4617
3189	3330
3189	4255
3190	3638
3190	3761
3191	3638
3193	3669
3194	3680
3195	3669
3196	3674
3198	3646
3199	3330
3200	3698
3200	4653
3200	3801
3200	3744
3201	3599
3202	3340
3202	5003
3202	3875
3203	3893
3204	3643
3205	3317
3206	3648
3207	3669
3208	3695
3209	3616
3210	3638
3211	3340
3212	3340
3213	3327
3213	4572
3214	3368
3215	3327
3215	4831
3216	3334
3217	3330
3218	3638
3219	3368
3220	3333
3221	3699
3222	3678
3222	4109
3222	3733
3223	3601
3225	3343
3226	3678
3227	3616
3229	3676
3230	3611
3231	3618
3233	3638
3234	3387
3234	3906
3235	3698
3236	4873
3237	3369
3237	4745
3238	3669
3239	3689
3240	3640
3240	4824
3240	4297
3240	4076
3240	3763
3241	3640
3241	4568
3242	3369
3244	3337
3247	3343
3247	3881
3248	3616
3249	3602
3249	4859
3250	3683
3252	3642
3253	3602
3254	3616
3255	3616
3255	4064
3256	3593
3256	4680
3256	3804
3257	4175
3257	4136
3258	3673
3259	3657
3259	4938
3259	3823
3259	3757
3260	3704
3261	3660
3262	3387
3264	4137
3265	3694
3267	4167
3268	4062
3269	3353
3270	3641
3271	3384
3273	3643
3274	3676
3275	3599
3277	3638
3278	3585
3278	4379
3279	3674
3279	4648
3280	3370
3281	3611
3282	3680
3283	3680
3283	4693
3284	4860
3284	4716
3284	4374
3284	4357
3284	4149
3284	3830
3286	4136
3287	3616
3287	4690
3288	3613
3289	3669
3290	3689
3290	4942
3292	3373
3293	3611
3294	3682
3296	3337
3297	3608
3299	3615
3300	4531
3302	3335
3303	3674
3304	3337
3309	3310
3310	4664
3310	3815
3311	3313
3311	4827
3311	3850
3312	3313
3312	4660
3314	3315
3315	3740
3316	3325
3316	3338
3316	3341
3316	3368
3316	3372
3316	3755
3317	3318
3317	3319
3317	3320
3317	3322
3317	4761
3318	4846
3318	4133
3321	3324
3321	3325
3321	3338
3321	3341
3321	3368
3321	3378
3321	3631
3321	4616
3322	3323
3322	3324
3322	3325
3322	3338
3322	3341
3322	3351
3322	3368
3322	3381
3322	3718
3322	4140
3322	3897
3322	3775
3323	3337
3323	3338
3323	3340
3323	3341
3323	3353
3323	3363
3323	3368
3323	3372
3323	3862
3323	3824
3324	3326
3324	3328
3324	3329
3324	3332
3324	3333
3324	3334
3324	3335
3324	3336
3324	3337
3324	3340
3324	3343
3324	3344
3324	3346
3324	3347
3324	3348
3324	3350
3324	3352
3324	3356
3324	3357
3324	3358
3324	3360
3324	3363
3324	3368
3324	3369
3324	3370
3324	3371
3324	3372
3324	3862
3324	3824
3325	3326
3325	3327
3325	3328
3325	3329
3325	3330
3325	3332
3325	3333
3325	3334
3325	3335
3325	3336
3325	3337
3325	3340
3325	3343
3325	3344
3325	3346
3325	3347
3325	3348
3325	3349
3325	3350
3325	3352
3325	3353
3325	3354
3325	3355
3325	3356
3325	3357
3325	3358
3325	3359
3325	3360
3325	3361
3325	3362
3325	3363
3325	3364
3325	3365
3325	3366
3325	3367
3325	3368
3325	3369
3325	3370
3325	3371
3325	3373
3325	3374
3325	3375
3325	3376
3325	4974
3325	4467
3325	4341
3325	3862
3325	3824
3325	3750
3326	3338
3326	3341
3326	3351
3326	3368
3326	3372
3326	4847
3326	4833
3326	4482
3326	4426
3326	3873
3326	3765
3327	3338
3327	3341
3327	3368
3327	3372
3327	3401
3327	4738
3327	4122
3328	3338
3328	3341
3328	3351
3328	3368
3328	3372
3328	4845
3328	4818
3328	4775
3328	4768
3328	4750
3328	4714
3329	3338
3329	3341
3329	3351
3329	3368
3329	3372
3329	4567
3329	4509
3330	3338
3330	3341
3330	3368
3330	3372
3330	3479
3330	3495
3330	3509
3330	3572
3332	3338
3332	3341
3332	3351
3332	3368
3332	3372
3332	4851
3332	4793
3332	4781
3332	4540
3332	4455
3332	3870
3333	3338
3333	3341
3333	3351
3333	3368
3333	3372
3333	3433
3333	3518
3333	3563
3333	3569
3333	4010
3334	3338
3334	3341
3334	3351
3334	3368
3334	3372
3334	3524
3334	3557
3334	3867
3335	3338
3335	3351
3335	3368
3335	3372
3335	4497
3335	4435
3335	4415
3335	4414
3336	3338
3336	3341
3336	3351
3336	3368
3336	3372
3336	3812
3336	3739
3337	3341
3337	3351
3337	3368
3337	3372
3337	3393
3337	3443
3337	3468
3337	3470
3337	3511
3337	3513
3337	3514
3337	3529
3337	3581
3337	3582
3337	4937
3337	4550
3337	3855
3338	3340
3338	3343
3338	3344
3338	3346
3338	3347
3338	3348
3338	3349
3338	3350
3338	3352
3338	3353
3338	3356
3338	3357
3338	3358
3338	3360
3338	3368
3338	3369
3338	3370
3338	3371
3338	3372
3338	3373
3338	3374
3338	3375
3338	3376
3338	3443
3338	3511
3338	3529
3338	4980
3338	4962
3338	4937
3338	4341
3338	3769
3340	3351
3340	3368
3340	3372
3340	3445
3340	3552
3340	4542
3341	3343
3341	3344
3341	3346
3341	3349
3341	3350
3341	3353
3341	3356
3341	3357
3341	3360
3341	3368
3341	3369
3341	3370
3341	3371
3341	3372
3341	3373
3341	3375
3341	3376
3341	5004
3341	4934
3341	4558
3341	4341
3341	3961
3342	3368
3342	3372
3343	3351
3343	3368
3343	3372
3344	3404
3344	3528
3344	3555
3344	3562
3346	3351
3346	3368
3346	3372
3346	3971
3346	3937
3347	3351
3347	3368
3347	3372
3347	4532
3347	4530
3348	3351
3348	3372
3348	4119
3348	4116
3349	3368
3349	3372
3350	3368
3350	3372
3350	3419
3350	4730
3351	3352
3351	3356
3351	3358
3351	3360
3351	3368
3351	3370
3351	3371
3351	3372
3351	4971
3352	3368
3352	3372
3352	4626
3352	4523
3352	4514
3352	3731
3353	3368
3353	3372
3353	3396
3353	3398
3353	3399
3353	3406
3353	3414
3353	3415
3353	3425
3353	3465
3353	3473
3353	3478
3353	3484
3353	3498
3353	3501
3353	3506
3353	3519
3353	3577
3355	3368
3355	3372
3356	3368
3356	3372
3356	4496
3356	4473
3356	4454
3357	3368
3357	3372
3357	4796
3357	4537
3358	3368
3358	3372
3358	4466
3360	3368
3360	3372
3360	4829
3360	4659
3360	4632
3360	4584
3360	4054
3360	3980
3360	3888
3360	3879
3363	3833
3368	3369
3368	3370
3368	3371
3368	3372
3368	3373
3368	3374
3368	3375
3368	3376
3368	3523
3368	4998
3368	4961
3368	4780
3368	4558
3368	4035
3368	3860
3369	3372
3369	4083
3370	3372
3370	3517
3370	4794
3371	3372
3371	4606
3371	4557
3371	4548
3371	4495
3371	4439
3372	3373
3372	3374
3372	3375
3372	3376
3372	3665
3372	3666
3372	3667
3372	3687
3372	4558
3372	4044
3372	3750
3373	4518
3373	4402
3373	4244
3373	3896
3374	4878
3375	3490
3375	3551
3376	4016
3377	3378
3379	4058
3380	3381
3380	4140
3382	3383
3382	4570
3383	3384
3384	4570
3385	3386
3387	3388
3387	3389
3387	3390
3387	3522
3387	3571
3387	3633
3387	4058
3388	4474
3390	4958
3390	3732
3391	3392
3394	3641
3400	3679
3401	4662
3402	3650
3403	3671
3405	3697
3407	3638
3411	3695
3413	3695
3416	3638
3417	3637
3417	4451
3417	4441
3420	3695
3421	3616
3424	3608
3430	3697
3431	3893
3437	3608
3437	4111
3437	4063
3439	4776
3440	3613
3441	3663
3442	3650
3443	4539
3444	3671
3446	3638
3448	3608
3450	3660
3452	4634
3453	3674
3454	3669
3456	3676
3457	3694
3459	3695
3460	3671
3463	3643
3463	4765
3464	3694
3467	3613
3469	3638
3472	3695
3473	4393
3473	4071
3474	3669
3476	3893
3480	3638
3483	3671
3485	3676
3486	3674
3486	4607
3488	3698
3489	3585
3492	4754
3494	3616
3495	4744
3499	3669
3500	3637
3502	3625
3503	3637
3504	3663
3505	3695
3508	3638
3510	3679
3511	4650
3512	3671
3520	3638
3521	3638
3525	3671
3526	3698
3526	4587
3527	3638
3528	3730
3529	4547
3530	3669
3535	3671
3537	3697
3538	3698
3538	4597
3539	3650
3540	4554
3540	4536
3541	3669
3542	3694
3544	3638
3545	3663
3546	3671
3547	3671
3548	3671
3549	3695
3550	3674
3556	3698
3558	3695
3559	3674
3560	3669
3561	3616
3563	4487
3564	3669
3564	4651
3565	3638
3566	3613
3566	4642
3566	4610
3570	3695
3573	4849
3574	3671
3575	3697
3576	3690
3579	3637
3580	3671
3583	3584
3583	4058
3585	3586
3585	4513
3585	4499
3586	3587
3586	4058
3588	3590
3589	3591
3589	3592
3589	3593
3589	3596
3589	3597
3589	3599
3589	3600
3589	3601
3589	3602
3589	3608
3589	3611
3589	3612
3589	3615
3589	3616
3590	3591
3590	3592
3590	3593
3590	3595
3590	3596
3590	3597
3590	3598
3590	3599
3590	3600
3590	3601
3590	3602
3590	3603
3590	3604
3590	3605
3590	3606
3590	3607
3590	3608
3590	3609
3590	3610
3590	3611
3590	3612
3590	3615
3590	3616
3590	3617
3590	3618
3590	4997
3590	4476
3590	4231
3590	4175
3590	3999
3590	3882
3590	3808
3591	3596
3591	3597
3591	3600
3591	3601
3591	3602
3591	3604
3591	3611
3591	3612
3591	3615
3591	3616
3591	3617
3591	3618
3591	3808
3592	3596
3592	3808
3593	3596
3593	3601
3593	3602
3593	3808
3594	3596
3594	3597
3594	3844
3594	3808
3595	3596
3595	4913
3595	3808
3596	3599
3596	3600
3596	3601
3596	3602
3596	3603
3596	3604
3596	3608
3596	3611
3596	3612
3596	3613
3596	3615
3596	3616
3596	5006
3596	4979
3596	4326
3596	4284
3596	4215
3596	4136
3596	4060
3596	4017
3597	3599
3597	3600
3597	3603
3597	3612
3597	3613
3597	3615
3597	3616
3599	3612
3599	3808
3600	4935
3600	4146
3600	4078
3600	3808
3601	4139
3601	3808
3602	3808
3603	4065
3603	3808
3604	3808
3608	3808
3611	3808
3612	4813
3612	4636
3612	3808
3613	4858
3613	4178
3613	3808
3613	3734
3615	3808
3616	3869
3616	3808
3620	3621
3620	4598
3621	3622
3623	3625
3624	3625
3625	5018
3625	4058
3626	3627
3628	3629
3630	3631
3632	5019
3632	3967
3633	3641
3633	3665
3633	3671
3633	3676
3633	3728
3633	3726
3634	3685
3635	3638
3635	3640
3635	3641
3635	3642
3635	3643
3635	3646
3635	3647
3635	3648
3635	3650
3635	3651
3635	3652
3635	3653
3635	3655
3635	3656
3635	3659
3635	3660
3635	3662
3635	3663
3635	3664
3635	3667
3635	3733
3637	3667
3637	3675
3637	3733
3637	3728
3637	3726
3638	3667
3638	4618
3638	4322
3638	3733
3638	3728
3638	3726
3640	3667
3640	4666
3640	3733
3640	3728
3640	3726
3641	3660
3641	3665
3641	3666
3641	3667
3641	3733
3641	3728
3641	3726
3642	3667
3642	4817
3642	4465
3642	4443
3642	3933
3642	3733
3642	3728
3642	3726
3643	3667
3643	4538
3643	3733
3643	3728
3643	3726
3645	3667
3645	3728
3645	3726
3646	3667
3646	4452
3646	4030
3646	4012
3646	4011
3646	3943
3646	3733
3646	3728
3646	3726
3647	3667
3647	4823
3647	4087
3647	3965
3647	3733
3647	3728
3647	3726
3648	3667
3648	4801
3648	4535
3648	4442
3648	3733
3648	3728
3648	3726
3650	3667
3650	4906
3650	3733
3650	3728
3650	3726
3651	4471
3651	3728
3651	3726
3652	3667
3652	4413
3652	3728
3652	3726
3653	3667
3653	4577
3653	3728
3653	3726
3654	3667
3654	4629
3654	3733
3654	3728
3654	3726
3655	3667
3655	4867
3655	4372
3655	4171
3655	3733
3655	3728
3655	3726
3656	3667
3656	4395
3656	3733
3656	3728
3656	3726
3657	3666
3657	3667
3657	3733
3658	3667
3658	3728
3658	3726
3659	3667
3659	4582
3659	4520
3659	4410
3659	3810
3659	3772
3659	3733
3659	3728
3659	3726
3660	3667
3660	4485
3660	4036
3660	3974
3660	3733
3660	3728
3660	3726
3662	3667
3662	4696
3662	4647
3662	4430
3662	4406
3662	3848
3662	3733
3662	3728
3662	3726
3663	3667
3663	3733
3663	3728
3663	3726
3664	3667
3664	4717
3664	4710
3664	4500
3664	4425
3664	4388
3664	3920
3664	3728
3664	3726
3665	3671
3665	3672
3665	3673
3665	3676
3665	3685
3665	4079
3665	4019
3665	3923
3665	3733
3665	3726
3666	3669
3666	3678
3666	3685
3666	3686
3666	4079
3666	4058
3666	4019
3666	3728
3666	3726
3667	3668
3667	3669
3667	3671
3667	3672
3667	3673
3667	3674
3667	3676
3667	3678
3667	3679
3667	3680
3667	3681
3667	3683
3667	3685
3667	3686
3667	4326
3667	4079
3667	4058
3667	4019
3667	3923
3667	3745
3669	3733
3669	3728
3669	3726
3671	4641
3671	4635
3671	4501
3671	4432
3671	4155
3671	3977
3671	3733
3671	3728
3671	3726
3672	3748
3672	3733
3672	3728
3672	3726
3673	4068
3673	3733
3673	3728
3673	3726
3674	4989
3674	3733
3674	3728
3674	3726
3676	4573
3676	3733
3676	3728
3676	3726
3678	3974
3678	3728
3678	3726
3679	3733
3679	3728
3679	3726
3680	4772
3680	3733
3680	3728
3680	3726
3681	3728
3681	3726
3682	3728
3683	3684
3683	3733
3683	3728
3683	3726
3685	3687
3685	3688
3685	3689
3685	3690
3685	3691
3685	3692
3685	3694
3685	3695
3685	3697
3685	3698
3685	3699
3685	4967
3685	4478
3685	3979
3685	3974
3685	3733
3686	3687
3686	3689
3686	3690
3686	3691
3686	3693
3686	3694
3686	3695
3686	3697
3686	3698
3686	3699
3686	4986
3686	4231
3686	3828
3686	3819
3687	5017
3687	4999
3687	4993
3687	4936
3687	3728
3687	3726
3689	3693
3689	3828
3689	3745
3690	3693
3690	3700
3690	3828
3690	3745
3691	3693
3691	3828
3691	3745
3692	3828
3692	3745
3693	3694
3693	3695
3693	3697
3693	3698
3693	3737
3694	4494
3694	4106
3694	3828
3694	3745
3695	3828
3695	3745
3695	3738
3697	5012
3697	4013
3697	3828
3697	3745
3698	3828
3698	3745
3699	3745
3700	4571
3701	3702
3702	3703
3702	4058
3704	3705
3705	4964
3706	3708
3706	4047
3707	3708
3709	3710
3709	3711
3709	4616
3710	4825
3710	4039
3712	3713
3713	3714
3715	3716
3716	4058
3718	3719
3720	3722
3720	4165
3721	3722
3721	4042
3721	3926
3722	3723
3722	4058
