1 1589 2.5
3 2 0.25
4 2 0.25
4 3 0.25
5 2 0.25
5 3 0.25
5 4 0.25
6 2 0.25
6 3 0.25
6 4 0.25
6 5 0.25
8 7 1
9 7 3.16667
10 7 1.16667
10 9 1.16667
11 7 0.666667
11 10 0.666667
11 9 0.666667
13 12 0.333333
14 12 0.333333
14 13 0.333333
15 12 0.333333
15 13 0.333333
15 14 0.333333
17 16 0.5
18 16 0.5
18 17 0.5
21 20 0.5
22 20 0.5
22 21 0.5
24 23 0.5
25 23 0.5
25 24 2.33333
28 27 0.5
29 27 0.5
29 28 0.5
31 30 0.5
32 30 0.5
32 31 0.5
33 30 3.58333
34 30 1.58333
34 33 4.225
36 35 0.2
37 35 0.2
37 36 0.2
38 35 0.2
38 36 0.2
38 37 0.2
39 35 0.2
39 36 0.2
39 37 0.2
39 38 0.2
40 35 0.2
40 36 0.2
40 37 0.2
40 38 0.2
40 39 0.2
43 42 1
45 44 0.5
46 44 0.5
46 45 0.5
48 47 0.333333
49 47 0.333333
49 48 0.333333
50 47 0.333333
50 48 0.333333
50 49 0.333333
51 33 0.75
52 51 0.25
52 33 0.25
53 51 0.25
53 52 0.25
53 33 1.85833
53 34 0.775
54 51 0.25
54 52 0.25
54 53 0.625
54 33 2.99167
54 34 1.15833
54 30 0.25
55 51 0.5
56 51 0.5
56 55 3.83333
57 51 1
58 51 1
58 57 1
60 59 0.5
61 59 0.5
61 60 0.5
63 62 0.47619
64 62 0.333333
64 63 0.333333
65 62 0.333333
65 63 0.333333
65 64 0.333333
67 66 0.5
68 66 0.5
68 67 0.5
70 69 0.833333
71 69 2.16667
71 70 0.833333
72 69 0.916667
72 70 0.333333
72 71 0.666667
74 73 0.333333
75 73 0.333333
75 74 0.333333
76 73 0.333333
76 74 0.333333
76 75 0.333333
78 77 0.333333
78 46 1
79 77 0.333333
79 78 0.333333
80 77 0.333333
80 78 0.333333
80 79 0.333333
82 81 0.5
83 81 0.5
83 82 0.5
85 84 0.5
86 84 0.5
86 85 0.5
88 87 2.5
90 55 1
92 91 0.5
93 91 0.5
93 92 0.5
95 94 0.5
96 94 2.66667
96 95 0.5
97 94 2.33333
97 95 0.5
97 96 2.33333
97 69 1.83333
98 94 0.5
98 95 0.5
98 96 0.5
98 97 0.5
99 94 0.5
99 96 0.5
99 97 0.5
100 94 0.25
100 99 1.25
100 96 0.25
100 97 0.25
103 102 0.5
104 102 0.5
104 103 0.5
106 105 0.5
107 105 0.5
107 106 0.5
109 108 1
112 111 1
114 113 1
117 116 1
119 118 1
121 120 1
121 78 1
123 122 0.5
124 122 0.5
124 123 0.5
127 126 0.7
128 126 0.5
128 127 0.75
130 129 1
131 33 1.33333
131 30 0.333333
131 34 0.333333
132 33 2.275
132 34 0.525
132 53 1.025
132 54 0.375
133 33 1.025
133 34 1.025
133 132 0.525
133 53 0.525
133 54 0.125
134 33 0.525
134 34 0.525
134 132 0.525
134 133 0.525
134 53 0.525
134 54 0.125
136 135 1
138 137 1
140 139 0.111111
141 139 0.111111
141 140 0.111111
142 139 0.111111
142 140 0.111111
142 141 0.111111
143 139 0.111111
143 140 0.111111
143 141 0.111111
143 142 0.111111
144 139 0.111111
144 140 0.111111
144 141 0.111111
144 142 0.111111
144 143 0.111111
145 139 0.111111
145 140 0.111111
145 141 0.111111
145 142 0.111111
145 143 0.111111
145 144 0.111111
146 139 0.111111
146 140 0.111111
146 141 0.111111
146 142 0.111111
146 143 0.111111
146 144 0.111111
146 145 0.111111
147 139 0.111111
147 140 0.111111
147 141 0.111111
147 142 0.111111
147 143 0.111111
147 144 0.111111
147 145 0.111111
147 146 0.111111
148 139 0.111111
148 140 0.111111
148 141 0.111111
148 142 0.111111
148 143 0.111111
148 144 0.111111
148 145 0.111111
148 146 0.111111
148 147 0.111111
149 71 1.16667
150 149 0.666667
150 71 0.666667
150 96 0.833333
150 94 0.333333
151 149 1.16667
151 71 1.16667
151 150 4.75
151 127 0.333333
152 149 1
154 153 1.33333
155 153 0.333333
155 154 0.333333
156 153 0.333333
156 154 0.333333
156 155 0.333333
157 71 0.5
158 71 0.5
158 157 0.5
161 160 1
163 162 1
165 164 1
167 166 1
170 169 0.5
171 169 0.5
171 170 0.5
173 172 0.5
174 172 1.5
174 173 0.5
176 175 0.5
177 175 0.5
177 176 0.5
180 179 1
181 179 1
181 180 1
183 182 1
184 55 0.5
184 56 0.5
185 184 0.5
186 184 0.5
186 185 0.5
188 187 1.5
189 187 0.5
189 188 0.5
190 33 0.583333
191 46 0.833333
192 191 0.333333
192 46 0.333333
193 191 0.333333
193 192 0.333333
193 46 0.333333
194 191 0.5
194 46 0.5
196 195 1.25
197 195 0.25
197 196 0.25
198 195 0.25
198 196 0.25
198 197 0.25
199 195 0.25
199 196 0.25
199 197 0.25
199 198 0.25
201 200 0.5
201 24 0.333333
201 25 0.333333
202 200 0.5
202 201 0.833333
202 24 0.333333
202 25 0.333333
203 131 1
206 205 1
208 207 0.5
209 207 0.5
209 208 0.5
211 210 0.5
212 210 0.5
212 211 0.5
214 213 0.5
215 213 0.5
215 214 0.5
216 48 0.333333
216 136 0.5
217 216 1.08333
217 48 0.333333
218 216 1.66667
218 217 1.08333
218 48 0.333333
219 216 0.5
219 218 0.25
220 216 1.5
220 219 0.5
220 218 0.25
221 216 0.25
221 219 0.583333
221 220 0.25
222 216 0.25
222 219 1.75
222 220 0.25
222 221 0.25
223 216 0.5
223 136 0.5
224 216 0.583333
224 220 0.25
224 219 0.25
224 218 0.583333
225 150 2.08333
225 96 0.333333
225 94 0.333333
225 151 0.75
227 226 1
229 228 1.33333
230 228 0.333333
230 229 0.333333
231 228 0.333333
231 229 0.333333
231 230 0.333333
234 233 0.5
235 233 0.5
235 234 0.5
235 72 1
238 237 1
240 239 1
241 239 1
243 242 1
245 244 3.5
246 244 1
247 244 1
249 248 0.5
250 248 0.5
250 249 0.5
251 217 0.25
251 216 0.25
251 218 0.25
252 217 0.25
252 216 0.5
252 251 0.25
252 218 0.25
255 254 1
256 254 0.5
256 255 0.5
259 258 1.33333
261 260 1
263 262 0.142857
264 262 0.142857
264 263 0.142857
265 262 0.142857
265 263 0.67619
265 264 0.142857
266 262 0.142857
266 263 0.67619
266 264 0.142857
266 265 0.92619
267 262 0.142857
267 263 0.142857
267 264 0.142857
267 265 0.142857
267 266 0.142857
268 262 0.142857
268 263 0.67619
268 264 0.142857
268 265 0.92619
268 266 0.92619
268 267 0.142857
269 262 0.142857
269 263 0.142857
269 264 0.142857
269 265 0.142857
269 266 0.142857
269 267 0.142857
269 268 0.142857
271 270 1
274 273 0.5
275 273 0.5
275 274 0.5
277 276 0.5
278 276 0.5
278 277 1
280 279 0.166667
281 279 0.166667
281 280 0.166667
281 78 1
281 150 1.83333
282 279 0.166667
282 280 0.166667
282 281 0.166667
283 279 0.166667
283 280 0.166667
283 281 3.16667
283 282 0.166667
284 279 0.166667
284 280 0.166667
284 281 0.166667
284 282 0.166667
284 283 0.166667
285 279 0.166667
285 280 0.166667
285 281 0.166667
285 282 0.166667
285 283 0.166667
285 284 0.166667
287 286 0.5
288 286 1
288 287 0.5
289 286 0.5
289 288 0.5
291 290 0.5
292 290 0.5
292 291 0.5
294 293 2.1
297 296 1
298 296 0.333333
299 296 0.333333
299 298 0.333333
300 296 1.33333
300 298 0.333333
300 299 0.333333
301 203 1.16667
301 150 0.5
301 151 0.5
301 162 0.25
302 301 1.33333
302 203 0.833333
303 301 0.333333
303 203 0.333333
303 302 0.333333
304 301 0.5
304 302 0.5
305 78 0.583333
306 305 0.25
306 78 0.25
307 305 0.25
307 306 0.25
307 78 0.25
307 265 0.25
307 266 0.25
307 268 0.25
308 305 0.583333
308 306 0.25
308 307 0.25
308 78 1.58333
309 305 0.333333
309 78 3.33333
309 308 2.33333
310 97 0.5
310 69 0.5
312 311 1
314 313 0.5
315 313 0.5
315 314 0.5
316 203 0.333333
316 301 0.583333
316 162 0.25
317 203 0.333333
317 316 0.333333
317 301 0.333333
319 318 1
321 320 0.833333
322 320 0.333333
322 321 0.333333
323 320 0.666667
323 321 0.333333
323 322 0.333333
324 320 0.333333
324 323 0.333333
325 320 0.333333
325 323 0.333333
325 324 0.333333
327 326 0.333333
327 30 0.333333
328 326 0.333333
328 327 1.16667
329 326 0.333333
329 327 0.333333
329 328 0.333333
330 151 0.5
331 330 0.5
331 151 0.5
333 332 0.333333
334 332 0.333333
334 333 0.333333
335 332 0.333333
335 333 0.333333
335 334 0.333333
337 336 1
339 338 0.333333
340 338 0.333333
340 339 0.333333
341 338 0.333333
341 339 1.33333
341 340 0.333333
343 342 0.5
343 221 0.333333
343 219 2.47619
344 342 0.5
344 343 0.5
345 252 0.25
345 216 0.583333
346 345 0.583333
346 252 0.25
346 216 0.916667
347 345 0.583333
347 346 0.583333
347 252 0.25
347 216 0.583333
349 348 0.2
350 348 0.2
350 349 0.2
351 348 0.2
351 349 0.2
351 350 0.2
352 348 0.2
352 349 0.2
352 350 0.2
352 351 0.2
353 348 0.2
353 349 0.2
353 350 0.2
353 351 0.2
353 352 0.2
355 354 0.5
356 354 0.5
356 355 0.5
358 357 0.833333
359 357 0.5
359 358 0.5
360 357 0.333333
360 358 0.333333
361 357 0.333333
361 360 0.333333
361 358 0.333333
362 62 0.2
363 362 1
364 362 0.5
365 362 0.5
365 364 0.5
367 366 0.5
368 366 0.5
368 367 0.5
369 24 0.5
369 25 0.5
370 78 0.5
371 370 0.5
371 78 2.5
371 309 0.5
373 372 0.5
374 372 0.5
374 373 0.5
375 33 0.25
376 375 1.91667
376 33 0.25
377 375 2.91667
377 376 1.91667
377 33 0.25
378 375 0.333333
378 376 0.333333
378 377 0.333333
380 379 0.5
381 379 0.5
381 380 0.5
383 382 0.5
384 382 0.5
384 383 0.5
386 385 0.142857
387 385 0.142857
387 386 0.142857
388 385 0.142857
388 386 0.142857
388 387 0.142857
389 385 0.142857
389 386 0.142857
389 387 0.142857
389 388 0.142857
390 385 0.142857
390 386 0.142857
390 387 0.142857
390 388 0.142857
390 389 0.142857
391 385 0.142857
391 386 0.142857
391 387 0.142857
391 388 0.142857
391 389 0.142857
391 390 0.142857
392 385 0.142857
392 386 0.142857
392 387 0.142857
392 388 0.142857
392 389 0.142857
392 390 0.142857
392 391 0.142857
394 393 0.333333
395 393 0.333333
395 394 0.333333
396 393 0.333333
396 394 0.333333
396 395 0.333333
398 397 0.333333
399 397 0.333333
399 398 0.333333
400 397 0.333333
400 398 0.333333
400 399 0.333333
401 277 0.166667
401 278 0.166667
402 401 0.166667
402 277 0.166667
402 278 0.166667
402 327 2.16667
402 328 0.333333
402 30 0.333333
403 401 0.166667
403 402 0.166667
403 277 0.5
403 278 0.5
404 401 0.166667
404 402 0.166667
404 277 0.166667
404 403 0.166667
404 278 0.166667
405 401 0.166667
405 402 0.166667
405 277 0.166667
405 403 0.166667
405 278 0.166667
405 404 0.166667
406 166 1
409 408 0.25
410 408 0.583333
410 409 0.25
411 408 0.25
411 409 0.25
411 410 0.25
412 408 0.583333
412 409 0.25
412 410 0.583333
412 411 0.25
413 408 0.333333
413 410 0.333333
413 412 0.333333
415 414 1
415 247 0.333333
416 402 0.833333
416 327 3.5
416 328 0.333333
417 402 1
417 327 1
419 418 1
421 319 1
423 422 0.5
424 422 0.5
424 423 0.5
426 425 0.5
427 425 0.5
427 426 0.5
428 46 1.33333
429 428 1
431 430 1
432 430 1
434 433 1
435 245 1
435 244 1
437 436 0.5
438 436 0.5
438 437 0.5
439 118 0.5
440 439 1
441 439 0.5
441 118 0.5
443 442 1
443 72 0.5
445 444 1
447 446 0.333333
448 446 0.333333
448 447 0.333333
449 446 0.333333
449 447 0.333333
449 448 0.333333
450 282 1
453 452 0.142857
454 452 0.142857
454 453 0.142857
455 452 0.142857
455 453 0.142857
455 454 0.142857
456 452 0.142857
456 453 0.142857
456 454 0.142857
456 455 0.142857
457 452 0.142857
457 453 0.142857
457 454 0.142857
457 455 0.142857
457 456 0.142857
458 452 0.142857
458 453 0.642857
458 454 0.142857
458 455 0.142857
458 456 0.142857
458 457 0.142857
459 452 0.142857
459 453 0.642857
459 454 0.142857
459 455 0.142857
459 456 0.142857
459 457 0.142857
459 458 0.642857
461 460 0.333333
462 460 0.333333
462 461 0.333333
463 460 0.333333
463 461 0.333333
463 462 0.333333
463 301 0.5
464 33 1
465 464 1.5
466 464 0.5
466 465 0.5
468 467 0.25
469 467 0.25
469 468 0.25
470 467 0.25
470 468 0.25
470 469 0.25
471 467 0.25
471 468 0.25
471 469 0.25
471 470 0.25
473 472 0.833333
473 222 0.5
473 219 0.5
474 472 0.5
474 473 0.5
476 475 1
477 475 0.5
478 475 0.5
478 477 0.5
480 479 0.333333
481 479 0.333333
481 480 0.333333
482 479 0.333333
482 480 0.333333
482 481 0.333333
484 483 1
485 33 1
487 486 1
488 33 0.333333
488 54 0.333333
489 488 0.333333
489 33 0.333333
489 54 0.333333
490 309 1.5
490 78 0.5
491 490 0.5
491 309 0.5
492 490 1
493 490 0.5
493 309 0.5
495 494 0.5
496 494 0.5
496 495 0.5
498 497 1
499 303 1
500 150 0.5
501 500 1
502 500 2.5
502 501 1
503 500 1.5
503 502 0.5
506 505 1
507 190 0.583333
507 33 0.583333
508 507 1.08333
508 190 0.583333
508 33 0.583333
509 507 0.75
509 508 0.75
509 190 0.25
509 33 0.25
512 511 1
513 245 0.5
513 244 0.5
515 514 0.833333
516 514 0.833333
516 515 2.33333
516 346 0.333333
516 216 0.333333
516 151 1.58333
516 150 1.08333
516 225 0.25
517 514 0.333333
517 515 0.333333
517 516 2.91667
517 151 2.25
517 150 1.58333
517 225 0.25
517 127 0.333333
517 152 1
519 518 1
521 520 1
522 76 1
523 522 0.25
524 522 0.25
524 523 0.25
525 522 0.25
525 523 0.25
525 524 0.25
526 522 0.25
526 523 0.25
526 524 0.25
526 525 0.25
527 522 2
529 528 1
531 530 0.533333
532 530 0.533333
532 531 0.533333
533 530 0.333333
533 531 0.333333
533 532 0.333333
535 534 1
538 537 0.5
539 537 0.833333
539 538 0.5
540 537 0.333333
541 537 0.333333
541 540 0.333333
542 537 0.333333
542 540 0.333333
542 541 0.333333
545 544 1
547 546 1
547 55 0.5
547 56 0.5
547 329 1.5
548 121 0.333333
549 548 0.333333
549 121 0.333333
550 548 0.333333
550 549 0.333333
550 121 1.83333
553 552 0.5
554 552 0.5
554 553 0.5
557 556 0.5
558 556 0.5
558 557 0.5
560 559 1
561 33 0.708333
561 53 0.708333
561 34 0.375
561 133 0.125
561 54 0.375
561 132 0.125
561 134 0.125
562 561 0.458333
562 33 0.458333
562 53 0.458333
562 34 0.125
562 133 0.125
562 54 0.125
562 132 0.125
562 134 0.125
563 82 1
564 563 0.333333
565 563 0.333333
565 564 0.333333
566 563 0.333333
566 564 0.333333
566 565 0.333333
567 189 2.33333
569 568 1
571 570 1
573 572 1
574 281 2.5
574 283 0.5
575 574 0.5
575 281 0.5
576 574 0.5
576 281 0.5
578 577 1
581 580 0.5
582 580 0.5
582 581 0.5
584 583 1
585 136 0.333333
586 585 0.333333
586 136 0.333333
587 585 0.333333
587 586 0.333333
587 136 1.83333
590 589 0.583333
590 307 1
591 589 0.583333
591 590 1.58333
592 589 0.333333
592 590 0.333333
592 591 0.333333
594 593 1
595 277 0.333333
595 403 0.333333
595 278 0.333333
596 327 0.5
596 416 0.5
596 46 1
598 597 1
600 599 1
603 602 1
606 275 0.333333
607 275 0.333333
607 606 0.333333
608 275 0.333333
608 606 0.333333
608 607 0.333333
609 45 0.833333
610 609 0.5
610 45 0.5
611 609 0.333333
611 45 0.333333
612 609 0.333333
612 45 0.333333
612 611 0.333333
615 614 1
617 616 1
619 618 0.5
620 618 0.5
620 619 0.5
622 621 1
624 623 1
626 625 0.333333
627 625 0.333333
627 626 0.333333
628 625 0.333333
628 626 0.333333
628 627 0.333333
630 629 0.5
631 629 0.5
631 630 1
631 337 0.2
633 632 1
636 635 0.5
637 635 0.5
637 636 0.5
638 162 0.25
638 316 0.25
638 301 0.75
638 463 0.5
639 638 0.25
639 162 0.25
639 316 0.25
639 301 0.25
640 638 1
641 78 1
643 642 1
646 78 2.5
648 647 1
650 189 0.333333
650 567 0.333333
651 650 0.333333
651 189 0.333333
651 567 0.333333
652 34 0.25
653 652 0.333333
654 652 2.08333
654 653 0.333333
654 34 1.25
654 55 0.333333
654 56 0.333333
655 652 2.08333
655 653 0.333333
655 654 2.08333
655 34 0.25
656 652 0.333333
656 654 0.333333
656 655 0.333333
657 652 0.583333
657 34 0.25
657 654 0.916667
657 655 0.583333
659 658 0.333333
660 658 0.333333
660 659 0.333333
661 658 0.333333
661 659 0.333333
661 660 0.333333
663 662 0.75
664 662 0.25
664 663 0.25
665 662 0.25
665 663 0.25
665 664 0.25
666 662 0.25
666 663 0.25
666 664 0.25
666 665 0.25
668 667 1
670 669 1
671 669 1
673 672 1
674 515 0.5
674 516 0.5
675 443 0.5
676 675 0.5
676 443 0.5
677 663 0.5
677 662 0.5
679 678 0.5
680 678 0.5
680 679 0.5
682 681 0.333333
683 681 0.333333
683 682 0.333333
684 681 0.333333
684 682 0.333333
684 683 0.333333
685 57 1
686 350 1
689 537 0.333333
689 539 0.333333
690 689 0.333333
690 537 0.333333
690 539 0.333333
692 342 1
694 693 0.2
695 693 0.2
695 694 0.2
696 693 0.2
696 694 0.2
696 695 0.2
697 693 1.2
697 694 0.2
697 695 0.2
697 696 0.2
697 219 0.142857
697 343 0.142857
698 693 0.2
698 694 0.2
698 695 0.2
698 696 0.2
698 697 0.2
699 445 1
700 96 0.333333
701 700 0.333333
701 96 0.333333
702 700 0.333333
702 96 0.333333
702 701 0.333333
705 704 0.333333
706 704 0.333333
706 705 0.333333
707 704 0.333333
707 705 0.333333
707 706 0.333333
708 97 0.583333
708 94 0.583333
708 96 0.583333
708 99 0.25
709 97 0.333333
709 69 0.666667
709 71 0.333333
709 72 0.333333
710 97 0.333333
710 709 0.333333
710 69 0.333333
711 87 0.5
711 88 0.5
712 642 0.5
713 712 0.5
713 642 0.5
715 695 0.25
716 695 0.25
716 715 0.25
717 695 0.25
717 715 0.25
717 716 0.25
718 695 0.25
718 715 0.25
718 716 0.25
718 717 0.25
720 719 2
721 670 1
724 723 0.333333
725 723 0.333333
725 724 0.333333
726 723 0.333333
726 724 0.333333
726 725 0.333333
729 136 0.5
729 587 0.5
731 730 1
733 732 0.5
734 732 0.5
734 733 0.5
736 71 0.5
737 736 0.5
737 71 0.5
738 443 0.5
738 72 0.5
739 443 1
742 293 0.9
742 294 1.9
742 523 0.333333
743 742 1.4
743 293 0.9
743 294 1.4
744 742 1.2
744 293 0.7
744 743 0.7
744 294 2.7
745 742 1
746 742 2.33333
746 294 0.333333
746 523 0.333333
748 747 1
751 750 1
752 719 0.5
753 752 0.5
753 719 0.5
755 754 1
756 34 0.5
756 78 0.5
757 756 0.5
757 69 0.75
757 72 0.25
758 756 0.5
758 757 1.25
758 69 0.75
758 72 0.25
759 756 1
759 78 0.5
759 371 0.5
760 756 1.5
760 34 0.5
761 756 1.86667
761 34 0.333333
762 756 0.333333
762 761 0.666667
762 34 0.333333
763 756 0.333333
763 761 0.666667
763 762 0.666667
763 34 0.333333
764 756 0.533333
764 761 0.533333
764 121 0.833333
765 756 0.533333
765 764 0.866667
765 761 0.533333
765 121 0.333333
767 766 0.333333
768 766 0.333333
768 767 0.333333
769 766 0.333333
769 767 0.333333
769 768 0.333333
770 127 0.2
770 126 0.2
771 770 0.2
771 127 0.2
771 126 0.2
772 770 0.2
772 771 0.2
772 127 0.2
772 126 0.2
773 770 0.2
773 771 0.2
773 127 0.2
773 772 0.2
773 126 0.2
774 761 1.33333
774 657 0.333333
774 654 0.333333
775 774 1.33333
775 761 1.53333
775 764 0.2
775 756 0.2
775 765 0.2
776 774 0.333333
776 761 0.333333
776 775 0.333333
778 777 1
780 496 0.5
781 780 0.5
781 496 0.5
783 631 1
784 631 0.5
784 783 0.5
786 785 0.5
787 785 0.5
787 786 0.5
788 346 0.333333
788 216 0.333333
788 516 0.333333
789 597 1
790 789 1
790 597 1
792 662 0.333333
793 792 0.333333
793 662 0.333333
794 792 0.333333
794 662 0.333333
794 793 0.333333
795 64 0.25
796 795 0.25
796 64 0.25
797 795 0.25
797 796 0.25
797 64 0.25
798 795 0.25
798 796 0.25
798 797 0.25
798 64 0.25
800 799 0.2
801 799 0.2
801 800 0.2
802 799 0.2
802 800 0.2
802 801 0.2
803 799 0.2
803 800 0.2
803 801 0.2
803 802 0.2
804 799 0.2
804 800 0.2
804 801 0.2
804 802 0.2
804 803 0.2
805 62 0.92619
805 362 0.2
806 805 0.92619
806 62 1.25952
806 362 0.2
807 805 0.92619
807 806 0.92619
807 62 0.92619
807 362 0.2
808 805 0.25
808 806 0.25
808 807 0.25
808 62 0.25
810 809 1
813 812 1
815 814 0.5
816 814 0.5
816 815 0.5
818 817 1
820 819 1
822 821 0.333333
823 821 0.333333
823 822 0.333333
824 821 0.333333
824 822 0.333333
824 823 0.333333
826 825 0.111111
827 825 0.111111
827 826 0.111111
828 825 0.111111
828 826 0.111111
828 827 0.111111
829 825 0.111111
829 826 0.111111
829 827 0.111111
829 828 0.111111
830 825 0.111111
830 826 0.111111
830 827 0.111111
830 828 0.111111
830 829 0.111111
831 825 0.111111
831 826 0.111111
831 827 0.111111
831 828 0.111111
831 829 0.111111
831 830 0.111111
832 825 0.111111
832 826 0.111111
832 827 0.111111
832 828 0.111111
832 829 0.111111
832 830 0.111111
832 831 0.111111
833 825 0.111111
833 826 0.111111
833 827 0.111111
833 828 0.111111
833 829 0.111111
833 830 0.111111
833 831 0.111111
833 832 0.111111
834 825 0.111111
834 826 0.111111
834 827 0.111111
834 828 0.111111
834 829 0.111111
834 830 0.111111
834 831 0.111111
834 832 0.111111
834 833 0.111111
836 835 0.5
837 835 0.5
837 836 0.5
839 34 0.333333
839 33 0.333333
839 54 0.333333
840 34 0.45
840 30 0.25
840 54 0.45
840 33 0.45
842 841 1.5
843 841 0.5
843 842 0.5
845 844 0.333333
846 844 0.333333
846 845 0.333333
847 844 0.333333
847 845 0.333333
847 846 0.333333
849 848 1
851 850 0.5
852 850 0.5
852 851 0.5
853 646 0.5
853 78 0.5
856 855 0.5
857 855 0.5
857 856 0.5
859 106 1
860 294 0.2
861 860 0.5
862 860 0.5
862 861 0.5
863 654 0.5
864 863 0.5
864 654 0.5
865 654 0.5
865 34 0.5
866 371 0.5
867 866 0.5
867 371 0.5
871 870 0.25
872 870 0.25
872 871 0.25
873 870 0.25
873 871 0.25
873 872 0.25
874 870 0.25
874 871 0.25
874 872 0.25
874 873 0.25
878 877 0.25
879 877 0.25
879 878 0.25
880 877 0.25
880 878 0.25
880 879 0.25
881 877 0.25
881 878 0.25
881 879 0.25
881 880 0.25
884 883 0.5
885 883 0.5
885 884 0.5
887 886 1
889 888 0.5
890 888 0.5
890 889 0.5
892 761 0.2
892 764 0.2
892 756 0.2
892 765 0.2
892 775 0.2
893 652 0.333333
893 654 0.666667
893 655 0.333333
893 55 0.333333
893 56 0.333333
894 402 0.333333
894 30 0.333333
894 327 0.333333
896 895 0.25
897 895 0.25
897 896 0.25
898 895 0.25
898 896 0.25
898 897 0.25
899 895 0.25
899 896 0.25
899 897 0.25
899 898 0.25
901 900 0.5
902 900 0.5
902 901 0.5
904 903 0.5
905 903 0.5
905 904 0.5
907 906 1
908 307 0.25
908 265 0.25
908 266 0.25
908 268 0.25
910 909 0.5
911 909 0.5
911 910 0.5
913 912 0.2
914 912 0.2
914 913 0.342857
915 912 0.2
915 913 0.342857
915 914 0.342857
916 912 0.2
916 913 0.985714
916 914 0.342857
916 915 0.342857
917 912 0.2
917 913 0.2
917 914 0.2
917 915 0.2
917 916 0.2
918 171 1
921 920 1
922 415 1
924 923 0.5
925 923 0.5
925 924 0.5
926 177 1
927 243 1.25
930 929 1
931 742 0.7
931 293 0.4
931 743 0.2
931 294 0.4
932 931 1.9
932 742 0.7
932 293 0.4
932 743 0.2
932 294 0.4
933 931 1
934 55 0.5
934 56 0.5
935 117 0.25
936 935 0.25
936 117 0.25
937 935 0.25
937 936 0.25
937 117 0.25
938 935 0.25
938 936 0.25
938 937 0.25
938 117 0.25
940 478 1
942 941 0.5
943 941 0.5
943 942 0.5
944 263 0.2
944 265 0.2
944 266 0.2
944 268 0.2
945 263 0.2
945 265 0.2
945 266 0.2
945 944 0.2
945 268 0.2
946 1 1
948 947 1
950 949 1
952 951 1.16667
953 951 1.16667
953 952 1.16667
954 951 0.666667
954 953 0.666667
954 952 0.666667
955 194 0.5
956 955 0.5
956 194 1.08333
958 957 0.5
959 957 0.5
959 958 0.5
961 960 0.5
962 960 0.5
962 961 0.5
963 517 0.333333
963 151 0.333333
964 963 0.333333
964 517 0.333333
964 151 0.333333
966 965 0.2
967 965 0.2
967 966 0.2
968 965 0.2
968 966 0.2
968 967 0.2
969 965 0.2
969 966 0.2
969 967 0.2
969 968 0.2
970 965 0.2
970 966 0.2
970 967 0.2
970 968 0.2
970 969 0.2
973 972 1
973 300 1
975 974 0.5
976 974 0.5
976 975 0.5
976 88 1
977 758 0.25
977 757 0.25
977 69 0.25
977 72 0.25
979 978 1
981 980 0.5
982 980 0.5
982 981 0.5
984 983 1
984 473 2.16667
984 472 0.333333
985 983 0.5
985 984 0.833333
985 473 0.333333
986 983 0.5
986 984 0.5
988 987 1
989 973 1
991 88 2
993 992 1
995 994 0.25
996 994 0.25
996 995 0.25
997 994 0.25
997 995 0.25
997 996 0.25
998 994 0.25
998 995 0.25
998 996 0.25
998 997 0.25
1000 999 1
1000 913 0.142857
1000 916 0.142857
1000 255 0.5
1000 254 0.5
1002 973 0.833333
1003 1002 0.833333
1003 973 0.833333
1004 1002 0.333333
1004 1003 0.333333
1004 973 0.333333
1005 78 1
1007 1006 1
1008 51 0.5
1008 33 0.5
1010 1009 1
1012 1011 1
1014 1013 1
1016 62 1.33333
1016 806 0.333333
1018 1017 1.2
1021 127 0.25
1021 128 0.75
1022 127 0.25
1022 128 0.25
1022 1021 0.25
1023 127 0.25
1023 128 1.75
1023 1021 0.75
1023 1022 0.25
1024 53 0.5
1025 1024 0.5
1025 53 0.5
1026 303 0.333333
1027 1026 1
1028 746 0.333333
1028 294 0.333333
1029 1028 0.333333
1029 746 0.333333
1029 294 0.333333
1030 550 0.5
1030 121 0.5
1032 1031 1
1034 1033 1
1036 1035 1
1037 1035 0.5
1038 1035 0.5
1038 1037 0.5
1039 308 0.5
1040 1039 0.5
1040 308 1.5
1041 224 0.333333
1041 218 0.333333
1041 216 0.333333
1043 1042 0.5
1044 1042 0.5
1044 1043 0.5
1045 1010 1
1046 482 1
1047 12 0.25
1048 1047 0.25
1048 12 0.25
1049 1047 0.25
1049 1048 0.25
1049 12 0.25
1050 1047 0.25
1050 1048 0.25
1050 1049 0.25
1050 12 0.25
1053 1052 1
1055 1054 1
1056 1054 0.333333
1057 1054 0.333333
1057 1056 0.333333
1058 1054 0.333333
1058 1056 0.333333
1058 1057 0.333333
1061 1060 0.111111
1062 1060 0.111111
1062 1061 0.111111
1063 1060 0.111111
1063 1061 0.111111
1063 1062 0.111111
1064 1060 0.111111
1064 1061 0.111111
1064 1062 0.111111
1064 1063 0.111111
1065 1060 0.111111
1065 1061 0.111111
1065 1062 0.111111
1065 1063 0.111111
1065 1064 0.111111
1066 1060 0.111111
1066 1061 0.111111
1066 1062 0.111111
1066 1063 0.111111
1066 1064 0.111111
1066 1065 0.111111
1067 1060 0.111111
1067 1061 0.111111
1067 1062 0.111111
1067 1063 0.111111
1067 1064 0.111111
1067 1065 0.111111
1067 1066 0.111111
1068 1060 0.111111
1068 1061 0.111111
1068 1062 0.111111
1068 1063 0.111111
1068 1064 0.111111
1068 1065 0.111111
1068 1066 0.111111
1068 1067 0.111111
1069 1060 0.111111
1069 1061 0.111111
1069 1062 0.111111
1069 1063 0.111111
1069 1064 0.111111
1069 1065 0.111111
1069 1066 0.111111
1069 1067 0.111111
1069 1068 0.111111
1070 806 0.142857
1070 805 0.142857
1070 807 0.142857
1070 62 0.142857
1071 806 0.67619
1071 805 0.342857
1071 807 0.342857
1071 1070 0.142857
1071 62 0.67619
1071 362 0.2
1071 1016 0.333333
1072 806 0.142857
1072 805 0.142857
1072 807 0.142857
1072 1070 0.142857
1072 1071 0.142857
1072 62 0.142857
1073 806 0.142857
1073 805 0.142857
1073 807 0.142857
1073 1070 0.142857
1073 1071 0.142857
1073 1072 0.142857
1073 62 0.142857
1074 227 1
1079 1078 1
1081 281 2
1082 69 0.5
1083 1082 0.5
1083 69 0.5
1084 1589 0.5
1084 1 0.5
1086 516 0.5
1087 516 2.5
1087 1086 0.5
1088 516 1
1088 1087 0.5
1088 151 0.5
1089 516 0.5
1089 1087 0.5
1091 473 0.333333
1091 472 0.333333
1091 984 0.333333
1092 473 0.833333
1092 984 0.833333
1092 985 0.333333
1094 1093 0.333333
1095 1093 0.333333
1095 1094 0.333333
1096 1093 0.333333
1096 1094 0.333333
1096 1095 0.333333
1098 1097 0.5
1099 1097 0.5
1099 1098 0.5
1102 1101 0.5
1103 1101 0.5
1103 1102 0.5
1106 1105 0.125
1107 1105 0.125
1107 1106 0.125
1108 1105 0.125
1108 1106 0.125
1108 1107 0.125
1109 1105 0.125
1109 1106 0.125
1109 1107 0.125
1109 1108 0.125
1110 1105 0.125
1110 1106 0.125
1110 1107 0.125
1110 1108 0.125
1110 1109 0.125
1111 1105 0.125
1111 1106 0.125
1111 1107 0.125
1111 1108 0.125
1111 1109 0.125
1111 1110 0.125
1112 1105 0.125
1112 1106 0.125
1112 1107 0.125
1112 1108 0.125
1112 1109 0.125
1112 1110 0.125
1112 1111 0.125
1113 1105 0.125
1113 1106 0.125
1113 1107 0.125
1113 1108 0.125
1113 1109 0.125
1113 1110 0.125
1113 1111 0.125
1113 1112 0.125
1115 1114 1
1117 1116 0.25
1118 1116 0.25
1118 1117 0.25
1119 1116 0.25
1119 1117 0.25
1119 1118 0.25
1120 1116 0.25
1120 1117 0.25
1120 1118 0.25
1120 1119 0.25
1121 78 0.5
1122 78 0.5
1122 1121 0.5
1123 78 0.5
1123 756 0.5
1124 247 0.333333
1124 415 0.333333
1125 1124 0.333333
1125 247 0.333333
1125 415 0.333333
1128 1127 1
1129 976 1
1130 657 0.333333
1130 774 0.333333
1130 654 0.833333
1130 34 0.5
1132 1131 1
1134 1133 1
1135 956 0.583333
1135 194 0.583333
1136 1135 0.25
1136 956 0.25
1136 194 0.25
1137 1135 0.25
1137 1136 0.25
1137 956 0.25
1137 194 0.25
1138 1135 0.333333
1138 194 0.333333
1138 956 0.333333
1140 1139 1
1142 1141 1
1145 221 0.333333
1145 343 1.47619
1145 219 2.14286
1145 697 0.142857
1147 1146 0.25
1148 1146 0.25
1148 1147 0.25
1149 1146 0.25
1149 1147 0.25
1149 1148 0.25
1150 1146 0.25
1150 1147 0.25
1150 1148 0.25
1150 1149 0.25
1153 1152 0.125
1154 1152 0.125
1154 1153 0.125
1155 1152 0.125
1155 1153 0.125
1155 1154 0.125
1156 1152 0.125
1156 1153 0.125
1156 1154 0.125
1156 1155 0.125
1157 1152 0.125
1157 1153 0.125
1157 1154 0.125
1157 1155 0.125
1157 1156 0.125
1158 1152 0.125
1158 1153 0.125
1158 1154 0.125
1158 1155 0.125
1158 1156 0.125
1158 1157 0.125
1159 1152 0.125
1159 1153 0.125
1159 1154 0.125
1159 1155 0.125
1159 1156 0.125
1159 1157 0.125
1159 1158 0.125
1160 1152 0.125
1160 1153 0.125
1160 1154 0.125
1160 1155 0.125
1160 1156 0.125
1160 1157 0.125
1160 1158 0.125
1160 1159 0.125
1162 114 0.5
1162 186 1.25
1163 114 0.5
1163 1162 0.5
1165 1164 1
1166 259 0.333333
1166 258 0.333333
1167 259 0.333333
1167 258 0.333333
1167 1166 0.333333
1169 1168 1
1170 820 1
1172 78 1
1175 931 0.5
1176 1175 0.5
1176 931 0.5
1177 150 0.5
1177 96 0.5
1178 150 0.833333
1178 281 0.833333
1180 589 0.25
1180 590 0.25
1180 591 0.25
1181 1180 0.25
1181 589 0.25
1181 590 0.25
1181 591 0.25
1182 302 1
1185 1184 0.5
1186 1184 0.5
1186 1185 0.5
1189 327 0.5
1189 328 0.5
1190 54 0.2
1190 34 0.2
1190 840 0.2
1190 33 0.2
1191 1190 0.2
1191 54 0.2
1191 34 0.2
1191 840 0.2
1191 33 0.2
1194 1193 1
1195 78 0.333333
1196 1195 0.333333
1196 78 0.333333
1197 1195 0.333333
1197 1196 0.333333
1197 78 0.333333
1199 1198 0.5
1200 1198 0.5
1200 1199 0.5
1201 913 0.785714
1201 916 1.11905
1201 1000 0.142857
1201 914 0.142857
1201 915 0.142857
1202 913 0.142857
1202 916 0.142857
1202 1201 0.142857
1202 1000 0.142857
1203 913 0.142857
1203 916 0.142857
1203 1201 0.142857
1203 1202 0.142857
1203 1000 0.142857
1204 913 0.142857
1204 916 0.142857
1204 1201 0.142857
1204 1202 0.142857
1204 1203 0.142857
1204 1000 0.142857
1205 913 0.142857
1205 916 0.142857
1205 1201 0.142857
1205 1202 0.142857
1205 1203 0.142857
1205 1204 0.142857
1205 1000 0.142857
1206 913 0.142857
1206 916 0.142857
1206 1201 0.142857
1206 914 0.142857
1206 915 0.142857
1207 913 0.142857
1207 1206 0.142857
1207 916 0.142857
1207 1201 0.142857
1207 914 0.142857
1207 915 0.142857
1208 913 0.142857
1208 1206 0.142857
1208 916 0.142857
1208 1201 0.142857
1208 914 0.142857
1208 1207 0.142857
1208 915 0.142857
1210 1209 0.333333
1211 1209 0.333333
1211 1210 0.333333
1212 1209 0.333333
1212 1210 0.333333
1212 1211 0.333333
1214 330 0.25
1215 1214 0.25
1215 330 0.25
1216 1214 0.25
1216 330 0.25
1216 1215 0.25
1217 1214 0.25
1217 330 0.25
1217 1215 0.25
1217 1216 0.25
1219 1218 1
1221 500 0.5
1221 150 0.5
1223 1222 0.5
1224 1222 0.5
1224 1223 0.5
1226 1225 1
1227 1225 1
1228 132 0.25
1228 54 0.25
1228 33 0.25
1229 132 0.25
1229 1228 0.25
1229 54 0.25
1229 33 0.25
1230 244 1
1232 1231 1
1233 415 0.5
1234 1233 0.5
1234 415 0.5
1235 481 0.5
1236 1235 0.5
1236 481 0.5
1238 1237 1
1239 547 1
1241 1240 1
1243 1242 1
1244 482 0.25
1245 1244 0.25
1245 482 0.25
1246 1244 0.25
1246 1245 0.25
1246 482 0.25
1247 1244 0.25
1247 1245 0.25
1247 1246 0.25
1247 482 0.25
1249 1248 1
1250 481 0.5
1251 1250 0.5
1251 481 0.5
1253 1252 0.5
1254 1252 1.5
1254 1253 0.5
1255 764 0.833333
1255 765 0.333333
1255 121 0.833333
1256 1201 0.333333
1256 916 0.333333
1257 1201 0.333333
1257 1256 0.333333
1257 916 0.333333
1259 1258 1
1261 1260 0.5
1262 1260 0.5
1262 1261 0.5
1263 375 0.333333
1263 376 0.333333
1263 377 0.333333
1265 1264 0.333333
1266 1264 0.333333
1266 1265 0.333333
1267 1264 0.333333
1267 1265 0.333333
1267 1266 0.333333
1268 872 1
1270 320 0.5
1270 321 0.5
1271 947 0.5
1272 1271 0.5
1272 947 0.5
1273 843 0.75
1274 1273 0.75
1274 843 0.75
1275 1273 0.25
1275 1274 0.25
1275 843 0.25
1276 1273 0.25
1276 1274 0.25
1276 843 0.25
1276 1275 0.25
1278 744 0.7
1278 294 0.7
1278 743 0.2
1278 742 0.2
1278 293 0.2
1279 744 0.333333
1280 744 0.333333
1280 1279 0.333333
1281 744 0.333333
1281 1279 0.333333
1281 1280 0.333333
1282 1145 0.333333
1282 219 0.333333
1283 1282 0.333333
1283 1145 0.333333
1283 219 0.333333
1287 1286 0.25
1288 1286 0.25
1288 1287 0.25
1289 1286 0.25
1289 1287 0.25
1289 1288 0.25
1290 1286 0.25
1290 1287 0.25
1290 1288 0.25
1290 1289 0.25
1293 1292 0.5
1294 1292 0.5
1294 1293 0.5
1295 375 0.25
1295 376 0.25
1295 33 0.25
1295 377 0.25
1299 1298 1
1303 1018 0.5
1304 1018 0.5
1304 1303 0.5
1305 1018 1
1306 1018 0.2
1306 1017 0.2
1307 1018 0.2
1307 1306 0.2
1307 1017 0.2
1308 1018 0.2
1308 1306 0.2
1308 1307 0.2
1308 1017 0.2
1309 1018 0.2
1309 1306 0.2
1309 1307 0.2
1309 1308 0.2
1309 1017 0.2
1311 1310 1
1313 1312 0.25
1314 1312 0.25
1314 1313 0.25
1315 1312 0.25
1315 1313 0.25
1315 1314 0.25
1315 53 0.25
1316 1312 0.25
1316 1313 0.25
1316 1314 0.25
1316 1315 0.25
1318 900 1
1321 1320 1
1322 524 1
1324 1323 0.5
1325 1323 0.5
1325 1324 0.5
1327 1326 1
1329 1328 1
1332 1331 0.5
1333 1331 0.5
1333 1332 0.5
1336 1335 0.333333
1337 1335 0.333333
1337 1336 0.333333
1338 1335 0.333333
1338 1336 0.333333
1338 1337 0.333333
1339 882 1
1341 517 1
1342 281 0.333333
1342 150 0.333333
1342 1178 0.333333
1343 281 0.5
1344 281 0.5
1344 1343 0.5
1345 1225 1
1346 721 1
1347 377 0.5
1348 1347 0.5
1348 377 0.5
1349 362 0.25
1350 1349 0.25
1350 362 0.25
1351 1349 0.25
1351 1350 0.25
1351 362 0.25
1352 1349 0.25
1352 1350 0.25
1352 1351 0.25
1352 362 0.25
1355 1354 1
1356 523 0.333333
1356 746 0.333333
1356 742 0.333333
1356 931 1
1357 1356 1
1357 1107 0.333333
1358 1356 1
1358 1357 2.33333
1358 1107 0.333333
1359 1356 1
1361 46 1.33333
1361 428 0.333333
1362 46 0.333333
1362 1361 0.333333
1362 428 0.333333
1363 46 1
1364 1286 0.25
1365 1364 0.25
1365 1286 0.25
1366 1364 0.25
1366 1365 0.25
1366 1286 0.25
1367 1364 0.25
1367 1365 0.25
1367 1366 0.25
1367 1286 0.25
1368 932 0.2
1368 293 0.2
1368 294 0.2
1368 931 0.2
1369 932 0.2
1369 1368 0.2
1369 293 0.2
1369 294 0.2
1369 931 0.2
1371 1370 1
1373 1372 1
1375 1374 0.5
1376 1374 0.5
1376 1375 0.5
1377 1294 0.5
1378 1377 0.5
1378 1294 0.5
1381 522 0.5
1381 76 0.5
1384 194 0.5
1385 1384 0.5
1385 194 0.5
1387 1386 1
1389 329 1.5
1389 547 0.5
1391 1390 0.5
1392 1390 0.5
1392 1391 0.5
1394 1145 0.142857
1394 219 0.142857
1394 343 0.142857
1394 697 0.142857
1395 1394 0.142857
1395 1145 0.142857
1395 219 0.142857
1395 343 0.142857
1395 697 0.142857
1396 1394 0.142857
1396 1145 0.142857
1396 1395 0.142857
1396 219 0.142857
1396 343 0.142857
1396 697 0.142857
1397 1394 0.142857
1397 1145 0.142857
1397 1395 0.142857
1397 219 0.142857
1397 343 0.142857
1397 1396 0.142857
1397 697 0.142857
1398 314 1
1400 1399 0.25
1401 1399 0.25
1401 1400 0.25
1402 1399 0.25
1402 1400 0.25
1402 1401 0.25
1403 1399 0.25
1403 1400 0.25
1403 1401 0.25
1403 1402 0.25
1404 327 0.166667
1404 416 0.166667
1405 1404 0.166667
1405 327 0.166667
1405 416 0.166667
1406 1404 0.166667
1406 1405 0.166667
1406 327 0.166667
1406 416 0.166667
1407 1404 0.166667
1407 1405 0.166667
1407 327 0.166667
1407 1406 0.166667
1407 416 0.166667
1408 1404 0.166667
1408 1405 0.166667
1408 327 0.166667
1408 1406 0.166667
1408 416 0.166667
1408 1407 0.166667
1409 496 0.5
1410 1409 0.5
1410 496 0.5
1411 1357 0.333333
1411 1107 0.333333
1411 1358 0.333333
1412 1060 1
1413 186 0.25
1413 1162 0.25
1414 186 0.25
1414 1413 0.25
1414 1162 0.25
1415 186 0.25
1415 1413 0.25
1415 1162 0.25
1415 1414 0.25
1416 303 0.333333
1416 1026 0.333333
1417 1416 0.333333
1417 303 0.333333
1417 1026 0.333333
1418 930 1
1419 1336 1
1421 1420 0.333333
1422 1420 0.333333
1422 1421 0.333333
1423 1420 0.333333
1423 1421 0.333333
1423 1422 0.333333
1424 9 0.5
1425 1424 0.5
1425 9 1.5
1427 1426 0.5
1428 1426 0.5
1428 1427 0.5
1429 645 0.0526316
1430 1429 0.385965
1430 645 0.0526316
1431 1429 0.385965
1431 645 0.0526316
1431 1430 0.385965
1432 1429 0.0526316
1432 645 0.0526316
1432 1430 0.0526316
1432 1431 0.0526316
1433 1429 0.0526316
1433 645 0.0526316
1433 1430 0.0526316
1433 1431 0.0526316
1433 1432 0.0526316
1434 1429 0.0526316
1434 645 0.0526316
1434 1430 0.0526316
1434 1431 0.0526316
1434 1432 0.0526316
1434 1433 0.0526316
1435 1429 0.0526316
1435 645 0.0526316
1435 1430 0.0526316
1435 1431 0.0526316
1435 1432 0.0526316
1435 1433 0.0526316
1435 1434 0.0526316
1436 1429 0.0526316
1436 645 0.0526316
1436 1430 0.0526316
1436 1431 0.0526316
1436 1432 0.0526316
1436 1433 0.0526316
1436 1434 0.0526316
1436 1435 0.0526316
1437 1429 0.0526316
1437 645 0.0526316
1437 1430 0.0526316
1437 1431 0.0526316
1437 1432 0.0526316
1437 1433 0.0526316
1437 1434 0.0526316
1437 1435 0.0526316
1437 1436 0.0526316
1438 1429 0.0526316
1438 645 0.0526316
1438 1430 0.0526316
1438 1431 0.0526316
1438 1432 0.0526316
1438 1433 0.0526316
1438 1434 0.0526316
1438 1435 0.0526316
1438 1436 0.0526316
1438 1437 0.0526316
1439 1429 0.0526316
1439 645 0.0526316
1439 1430 0.0526316
1439 1431 0.0526316
1439 1432 0.0526316
1439 1433 0.0526316
1439 1434 0.0526316
1439 1435 0.0526316
1439 1436 0.0526316
1439 1437 0.0526316
1439 1438 0.0526316
1440 1429 0.0526316
1440 645 0.0526316
1440 1430 0.0526316
1440 1431 0.0526316
1440 1432 0.0526316
1440 1433 0.0526316
1440 1434 0.0526316
1440 1435 0.0526316
1440 1436 0.0526316
1440 1437 0.0526316
1440 1438 0.0526316
1440 1439 0.0526316
1441 1429 0.0526316
1441 645 0.0526316
1441 1430 0.0526316
1441 1431 0.0526316
1441 1432 0.0526316
1441 1433 0.0526316
1441 1434 0.0526316
1441 1435 0.0526316
1441 1436 0.0526316
1441 1437 0.0526316
1441 1438 0.0526316
1441 1439 0.0526316
1441 1440 0.0526316
1442 1429 0.0526316
1442 645 0.0526316
1442 1430 0.0526316
1442 1431 0.0526316
1442 1432 0.0526316
1442 1433 0.0526316
1442 1434 0.0526316
1442 1435 0.0526316
1442 1436 0.0526316
1442 1437 0.0526316
1442 1438 0.0526316
1442 1439 0.0526316
1442 1440 0.0526316
1442 1441 0.0526316
1443 1429 0.0526316
1443 645 0.0526316
1443 1430 0.0526316
1443 1431 0.0526316
1443 1432 0.0526316
1443 1433 0.0526316
1443 1434 0.0526316
1443 1435 0.0526316
1443 1436 0.0526316
1443 1437 0.0526316
1443 1438 0.0526316
1443 1439 0.0526316
1443 1440 0.0526316
1443 1441 0.0526316
1443 1442 0.0526316
1444 1429 0.0526316
1444 645 0.0526316
1444 1430 0.0526316
1444 1431 0.0526316
1444 1432 0.0526316
1444 1433 0.0526316
1444 1434 0.0526316
1444 1435 0.0526316
1444 1436 0.0526316
1444 1437 0.0526316
1444 1438 0.0526316
1444 1439 0.0526316
1444 1440 0.0526316
1444 1441 0.0526316
1444 1442 0.0526316
1444 1443 0.0526316
1445 1429 0.0526316
1445 645 0.0526316
1445 1430 0.0526316
1445 1431 0.0526316
1445 1432 0.0526316
1445 1433 0.0526316
1445 1434 0.0526316
1445 1435 0.0526316
1445 1436 0.0526316
1445 1437 0.0526316
1445 1438 0.0526316
1445 1439 0.0526316
1445 1440 0.0526316
1445 1441 0.0526316
1445 1442 0.0526316
1445 1443 0.0526316
1445 1444 0.0526316
1446 1429 0.0526316
1446 645 0.0526316
1446 1430 0.0526316
1446 1431 0.0526316
1446 1432 0.0526316
1446 1433 0.0526316
1446 1434 0.0526316
1446 1435 0.0526316
1446 1436 0.0526316
1446 1437 0.0526316
1446 1438 0.0526316
1446 1439 0.0526316
1446 1440 0.0526316
1446 1441 0.0526316
1446 1442 0.0526316
1446 1443 0.0526316
1446 1444 0.0526316
1446 1445 0.0526316
1447 1429 0.0526316
1447 645 0.0526316
1447 1430 0.0526316
1447 1431 0.0526316
1447 1432 0.0526316
1447 1433 0.0526316
1447 1434 0.0526316
1447 1435 0.0526316
1447 1436 0.0526316
1447 1437 0.0526316
1447 1438 0.0526316
1447 1439 0.0526316
1447 1440 0.0526316
1447 1441 0.0526316
1447 1442 0.0526316
1447 1443 0.0526316
1447 1444 0.0526316
1447 1445 0.0526316
1447 1446 0.0526316
1448 1429 0.333333
1448 1430 0.333333
1448 1431 0.333333
1450 1449 1
1451 283 0.5
1451 281 0.5
1452 216 1
1453 1360 1
1454 721 1
1455 482 1
1457 1456 0.333333
1458 1456 0.333333
1458 1457 0.333333
1459 1456 0.333333
1459 1457 0.333333
1459 1458 0.333333
1460 517 0.333333
1460 127 0.333333
1460 151 0.333333
1461 55 0.5
1461 56 0.5
1464 860 0.2
1464 294 0.2
1465 1464 0.2
1465 860 0.2
1465 294 0.2
1466 1464 0.2
1466 1465 0.2
1466 860 0.2
1466 294 0.2
1467 1464 0.2
1467 1465 0.2
1467 860 0.2
1467 1466 0.2
1467 294 0.2
1468 53 0.25
1468 1315 0.25
1469 53 0.25
1469 1468 0.25
1469 1315 0.25
1470 53 0.25
1470 1468 0.25
1470 1315 0.25
1470 1469 0.25
1472 1471 0.5
1473 1471 0.5
1473 1472 0.5
1475 1474 0.5
1476 1474 0.5
1476 1475 0.5
1477 207 0.5
1478 1477 0.5
1478 207 0.5
1480 1479 1
1481 96 0.5
1482 1481 0.5
1482 96 0.5
1484 1483 0.5
1485 1483 0.5
1485 1484 0.5
1487 1486 1
1488 1142 0.5
1489 1488 0.5
1489 1142 0.5
1492 1491 1
1493 1491 0.25
1494 1493 1
1496 1495 1
1497 300 1
1498 82 1
1500 239 0.25
1501 1500 0.25
1501 239 0.25
1502 1500 0.25
1502 1501 0.25
1502 239 0.25
1503 1500 0.25
1503 1501 0.25
1503 239 0.25
1503 1502 0.25
1504 1000 0.5
1505 1504 0.2
1506 1504 0.2
1506 1505 0.2
1507 1504 0.2
1507 1505 0.2
1507 1506 0.2
1508 1504 0.2
1508 1505 0.2
1508 1506 0.2
1508 1507 0.2
1509 1504 0.2
1509 1505 0.2
1509 1506 0.2
1509 1507 0.2
1509 1508 0.2
1512 1511 0.5
1513 1511 0.5
1513 1512 0.5
1514 1000 0.5
1514 1504 0.5
1515 1120 0.333333
1516 1120 0.333333
1516 1515 0.333333
1517 1120 0.333333
1517 1515 0.333333
1517 1516 0.333333
1518 243 0.25
1518 927 0.25
1519 1518 0.25
1519 243 0.25
1519 927 0.25
1520 1518 0.25
1520 1519 0.25
1520 243 0.25
1520 927 0.25
1523 1522 1
1526 1525 1
1529 54 0.5
1529 33 0.5
1531 1530 1
1532 9 1
1533 532 0.2
1533 531 0.2
1533 530 0.2
1534 532 0.2
1534 1533 0.2
1534 531 0.2
1534 530 0.2
1535 532 0.2
1535 1533 0.2
1535 1534 0.2
1535 531 0.2
1535 530 0.2
1536 843 1
1538 1537 0.5
1539 1537 0.5
1539 1538 0.5
1540 1493 0.25
1540 1491 0.25
1541 1540 0.25
1541 1493 0.25
1541 1491 0.25
1542 1540 0.25
1542 1541 0.25
1542 1493 0.25
1542 1491 0.25
1544 1543 1
1546 1545 0.333333
1547 1545 0.333333
1547 1546 0.333333
1548 1545 0.333333
1548 1546 0.333333
1548 1547 0.333333
1549 308 1
1550 34 0.833333
1550 33 1.33333
1550 54 0.5
1551 1550 0.333333
1551 34 0.333333
1551 33 0.333333
1553 294 0.333333
1554 294 0.333333
1554 1553 0.333333
1555 294 0.333333
1555 1553 0.333333
1555 1554 0.333333
1556 676 0.333333
1557 1556 0.333333
1557 676 0.333333
1558 1556 0.333333
1558 676 0.333333
1558 1557 0.333333
1560 1145 0.333333
1560 219 0.333333
1561 1560 0.333333
1561 1145 0.333333
1561 219 0.333333
1562 63 0.142857
1562 62 0.142857
1563 1562 0.142857
1563 63 0.142857
1563 62 0.142857
1564 1562 0.142857
1564 1563 0.142857
1564 63 0.142857
1564 62 0.142857
1565 1562 0.142857
1565 1563 0.142857
1565 1564 0.142857
1565 63 0.142857
1565 62 0.142857
1566 1562 0.142857
1566 1563 0.142857
1566 1564 0.142857
1566 1565 0.142857
1566 63 0.142857
1566 62 0.142857
1567 1562 0.142857
1567 1563 0.142857
1567 1564 0.142857
1567 1565 0.142857
1567 1566 0.142857
1567 63 0.142857
1567 62 0.142857
1569 1568 1
1570 337 0.2
1570 631 0.2
1571 337 0.2
1571 631 0.2
1571 1570 0.2
1572 337 0.2
1572 631 0.2
1572 1570 0.2
1572 1571 0.2
1573 337 0.2
1573 631 0.2
1573 1570 0.2
1573 1571 0.2
1573 1572 0.2
1574 631 0.5
1574 783 0.5
1576 1575 0.333333
1577 1575 0.333333
1577 1576 0.333333
1578 1575 0.333333
1578 1576 0.333333
1578 1577 0.333333
1579 631 0.5
1579 630 0.5
1581 1580 1
1584 1583 1
1586 1585 1
1587 1585 1
1588 522 0.5
1588 76 0.5
